8
 6  3  4  4  6  3  6  4  3  7  6  7  6  5  8  4  8  5  6  4  7  3  3  7  3  4  4  4  6  7  5  8  6  4  3  3  8  6  3  8  8  6  4  3  8  4  8  5  4  5 
 0  1  2  3  4  5  6  7  8  9 10 11 12 13 14 15 16 17 18 19 20 21 22 23 24 25 26 27 28 29 30 31 32 33 34 35 36 37 38 39 40 41 42 43 44 45 46 47 48 49 
 0  0  0  0  0  0  0  0  0  0  0  0  0  0  0  0  0  0  0  0  0  0  0  0  0  0  0  0  0  0  0  0  0  0  0  0  0  0  0  0  0  0  0  0  0  0  0  0  0  0 
 0  0  0  0  0  0  0  0  0  0  0  0  0  0  0  0  0  0  0  0  0  0  0  0  0  0  0  0  0  0  0  0  0  0  0  0  0  0  0  0  0  0  0  0  0  0  0  0  0  0 
 0  0  0  0  1  0  0  0  0  0  1  0  0  0  0  0  0  0  0  0  0  0  0  0  0  0  0  0  0  0  0  0  0  0  0  0  0  0  0  0  0  0  0  0  0  0  0  0  0  0 
 0  0  0  0  1  0  0  0  0  0  1  0  0  0  0  0  0  0  0  0  0  0  0  0  0  0  0  0  0  0  0  0  0  0  0  0  0  0  2  0  0  0  0  0  0  0  0  0  0  0 
 0  0  0  0  2  0  0  0  0  1  2  0  0  0  0  0  0  0  0  0  0  0  0  0  0  2  0  0  0  0  0  0  0  0  0  0  0  0  2  0  0  0  0  0  1  0  0  0  0  0 
 0  0  0  0  2  0  0  0  0  1  2  2  0  0  0  0  0  0  0  0  0  0  0  0  0  4  0  0  0  0  0  0  0  0  0  0  0  0  2  0  0  0  0  0  1  0  0  0  0  0 
 0  0  0  3  2  0  0  0  0  3  3  2  0  0  0  0  0  0  0  0  0  0  0  0  0  2  0  0  0  0  0  0  0  0  0  0  0  0  2  0  0  0  0  0  3  0  0  0  2  2 
 0  0  0  3  2  0  0  0  0  3  3  6  0  0  2  0  0  0  0  4  0  0  0  0  0  2  0  0  0  0  0  0  0  0  0  0  0  0  2  0  0  0  0  0  3  0  0  0  4  2 
 0  0  0  3  1  0  0  0  0  2  2  4  0  0  6  0  0  0  0  4  0  0  0  0  0  4  0  0  0  0  0  0  0  0  0  0  0  0  2  0  0  0  0  0  2  0  0  0  4  2 
 0  0  0  3  1  0  0  0  0  2  2  4  0  0  6  0  0  0  0  4  0  0  0  0  0  4  0  0  0  0  0  0  0  0  0  0  0  0  2  0  0  0  0  0  2  0  0  0  4  2 
