20635759341
28422503149
27078113266
1897716
26268498476
56224039206189669
55049588192375273
27340208684
1897188
12911
447842120071140
4013072070642
465601251849444
15092
3737097337189
13044
3465998498149
29464590177
430349787951278
10996
213628141
12516
29481481453
522469571589804
238908659
487630162410212
57389212021455457
518311489794543
478348459160819
232421865
15092
430349787952368
13048
13025
439250025443951
56224039206419169
144536819
205355621
28426729829
27078113266
13550
64624376493519598
13550
66920020161933556
31888979188
213711333
3430028098285
3465998498149
13045
3536318001396
29775050337
63480950696000242
39374741330277109
242906996
62926279300149492
56250493518248545
1816558
63555614413518708
243103604
13550
26822260833
1866473
491715458299105
56743176762652532
3775236093172
205239533
13540
1669620
61228602772780718
1372900
15092
63498545597673961
247181925
30026740979
222100069
29733239539
27352938482
1897716
66920020161933556
55044985350289268
56786919393687281
61229252619254377
31373209837
1880813
430486155063533
18727336677
222050785
238907621
12514
221984367
59597612019169266
66876242642106985
13044
30580177385
55110952537633507
3394571677925
31897497829
27065383521
243103604
57389588380446946
