449
145997749
541262926
475616206
876519101
183568113
581968086
165476461
720642708
271711748
962410674
97522791
565307200
805914122
41155013
960590859
424768651
429915505
165732406
823751628
672175810
839454609
331971730
927236269
940436470
742706781
44482352
810974181
611302231
39941846
685617470
123502596
887396181
119503207
24358130
64534888
947887094
32067502
740385721
149332252
157227194
184670545
335073668
612624277
935688304
66847554
132751781
974632756
538636717
73125616
988891806
713295988
39621529
207346117
900433242
639873611
510392396
51198342
174263235
789623393
777991420
837956302
313111263
970577609
87360985
883431161
56322430
373985200
666592690
665091406
266599498
588817751
540843999
360793482
875730958
70563643
187662819
864738799
606441969
796682884
169125476
657997959
991025160
750910973
622545993
995116934
945875914
537035539
491853474
412381528
420384882
457376307
231617065
505420385
718587557
235547659
426701893
93980538
105728714
89432252
367219715
748114404
239961686
174851299
579336558
512900451
925962238
73009146
140894663
610756779
167092771
761331426
43245725
925603892
679168820
587106570
200670745
358725004
46361433
79448026
905000087
121836352
450372876
479791892
803680048
69649121
282390864
969460905
762305059
36684052
719220027
261448311
447928883
696432901
647637937
17952210
888095948
803831525
82599633
953756662
885119559
123362451
778097747
740935208
761451464
40399057
439659408
16993406
449419881
484993658
382224061
751348840
436820100
97024862
876715441
120418940
321440581
993179121
706340730
925924459
765617918
656139505
955361453
459355805
793422895
814482958
663198183
480874381
595380949
877769542
493222241
610591269
152783057
413549590
842861095
875919423
494863197
377696595
83508589
86384092
432671836
616072627
447358106
932190712
63571882
962118565
476526298
778482345
868173328
523831812
395589934
132282639
879775604
40525567
53791703
110730986
848733167
379677330
878924514
698812856
96592125
46210039
277266321
858941635
981804099
121678186
867415377
787384985
21295800
510632918
261121112
639938091
519883701
89098899
349360161
93406223
732954511
172819590
762364670
135641165
296220637
425541383
890651131
354147094
635645766
809413760
98050025
16622087
481422407
834043769
385458271
424926675
487981482
994243678
691224196
306510982
694227419
725720160
250172328
49667326
337658640
992292882
350451913
264707459
11251352
619526542
655773673
289516179
197622237
388892655
835712596
691331697
869703891
764547499
582144282
93446393
210998673
265344944
651624579
778510770
13179647
602936564
631155374
17059837
38590491
347950396
299048477
463192164
866903100
252322460
206771066
755554581
154733151
523997379
76276751
833204486
345031769
857405124
828850641
628975561
47812367
144342107
951148892
553075933
450778313
395845760
820611763
810626979
58093906
682271202
565905854
179188164
944506440
292302472
724430384
395367438
102462888
988800546
812594724
581601172
45220036
89302789
320229796
209717635
733415496
995427363
758384034
341827386
141835369
825935759
347701742
446126060
572256065
679283438
189715983
192386604
54894901
78064320
854557327
953824575
315249762
154653354
281195878
218613086
413911358
396276742
813024629
151300602
965286842
902498454
794372340
497330848
856681367
930607911
801033505
305252768
433798366
493139963
194468138
35469312
520091989
137986906
152834872
637944560
406750900
394292367
239696933
860596161
361457332
502756274
834148492
604829537
90223334
145956212
910045257
746244261
370114844
458309632
704386887
228380370
839654122
445532851
743095068
920228204
444518090
337729700
842282389
536966859
216830588
536632995
914992205
190358460
537718686
570299140
384247301
440361317
618192190
996066836
417949403
339119015
605433628
915150820
743204070
125954343
727632071
749195760
196373431
82739762
462277912
680935978
123611505
982700392
912710985
65478060
293162683
320878026
726569758
65655777
518051866
564694670
588556718
30191527
747584549
644611267
587416869
469620257
9756171
613373492
234519332
24000375
999677174
786185035
25727797
868845800
94884027
216359952
953889229
221849548
95984794
581178915
897597781
275941928
298631387
531810747
79503028
422950799
60613522
71548611
714553035
860631888
12619539
121309561
706240229
614738050
242587017
161142463
623843554
799013547
718724773
426969740
163370842
491202167
764427484
806378527
262913179
484799331
278208212
593483725
481724024
597563160

