849
461977312
899680921
47456140
271196445
414160668
457782396
701594466
817441367
421624362
984791766
745432472
828961854
10570635
804826117
421202208
3335158
66382323
766856755
656675503
695696474
80377389
208994501
961888630
225409441
917545284
665915545
274535891
14970350
843113996
199789756
758778893
952674986
615908206
680181941
398580241
923950396
235619875
19567988
530376668
518545109
764919817
163624779
42956414
751616357
88029051
9155649
507548019
991240258
709712157
34299692
426648402
527065957
689082311
363051826
654800924
192365281
911777584
45658546
220937402
683783995
31755845
891267429
835850523
216647200
686112508
647503897
101177791
624990642
697360864
853002213
404346921
89313728
780563410
751702528
13495384
539861649
967868743
22565908
93699978
118967481
65302435
129875724
903363297
540741095
558969014
36143342
75386290
92630643
205015326
664040183
396656060
970360968
170094369
350867220
391442222
471068264
905248282
20154651
715133364
435178581
839505547
567186669
77498269
630668282
302869613
260563932
894865375
293087153
243743217
452005913
20891923
793708730
390720739
669820214
148216691
93245006
824159819
749552451
968800501
62133658
774026590
883335733
836627217
931139274
518196848
335363350
986171229
697128315
798800695
851620495
126124095
637590719
413551812
950529915
534483589
795825590
121430519
644689613
592825387
888564329
269408627
496720425
488594891
44854224
171185849
458646837
763985478
405310897
378830512
37586217
787290955
785715347
273657375
819566259
165715088
926759752
106788080
941675848
800960097
325539193
77615108
641430747
109049908
243537620
138869475
993048534
52732049
90035498
151035124
896773866
996674332
678309586
207938938
562984470
466984838
6218040
79947543
533445038
785000536
822427597
523201757
466232518
147346043
785757689
315714385
694430719
151682436
565099928
391358147
650455920
439050058
385098259
33687372
451570226
235581593
358278588
292303729
700544171
906977876
849303927
630477915
167700593
285138280
144800116
313142153
976488687
357217497
374774558
473940002
819138023
8783351
303851578
650630626
539633375
34672410
542305734
888183702
23613085
530086166
913422655
452273260
141179624
603199403
190999554
309656985
46212548
273132013
544639213
300241134
335353281
187400107
555151136
941951492
991518651
138037521
286633302
339416875
273811308
136708297
752819285
800486579
675714185
952194310
184221587
766453875
100869572
123919156
69126259
247547375
643568025
686626314
990314003
81662971
832326589
727672567
494659915
501919346
569042482
841569920
96285813
621603732
445248799
64931441
558685669
95464977
110071477
618706995
560085848
605775309
143120785
655533100
380721132
882258854
72858492
750852610
444099461
193738134
625392019
350836881
457224201
465154077
215247735
936459789
991308406
482122137
390225848
422872649
809624382
990317521
239236961
768604637
157760553
14829431
777828121
52220230
797922692
621964778
18825712
6974940
283983840
468796475
472136890
43886248
503501226
237550073
659718708
671870007
563493110
284233663
889347378
267538181
6868721
379579029
375583691
232624451
285097370
596928651
517257433
571089237
849872512
277052569
552289275
675532600
638460404
107001133
678264969
917710756
479761828
73065161
164563396
87714434
231477486
39805632
444080529
101545542
569476198
357027012
282866915
315731111
566137967
766774419
761767026
223286926
128140999
833134362
186575359
861386464
738009264
53190566
160716173
874738873
479194873
216015263
710986148
944651485
74292564
450802171
223652222
560623980
253964446
146353585
591831772
750552465
872319080
8929634
245523430
22708802
9301572
467902984
837497247
438462498
35264103
113318134
99326226
53380506
69974615
76189729
321662890
458254894
631529609
18773093
903980236
92946209
889120403
411510075
873533254
600580249
414059396
124970366
414375107
668021760
875704200
511139844
381134416
731393030
204880531
952656683
464564088
517727701
985757829
602395445
506318813
68713970
855713780
4620507
553761871
27364974
516964738
593693846
137184554
469089931
205102423
420395382
772574300
402400249
20010399
90607699
959365907
198897848
573506363
302641209
751104565
33159741
868465012
344211428
899085349
450638787
220207612
201479833
994469401
106248762
49255672
601130222
85131007
226343081
354287196
867558578
180674247
213709238
418649071
55574527
285877615
463449441
109958299
485568397
139888430
460307444
640047115
31632376
409360309
843133919
368236858
190724940
753212884
969445832
260999736
733095684
205190821
35056332
80678812
886558561
385073866
932354672
276746203
491091758
625263461
890225497
48893105
110350384
517869513
205817879
801055567
505292828
297664643
50142116
350030931
239035849
298689004
73627812
631784286
894196532
249339518
773694734
185978551
902794479
637008391
41384177
284018169
37443559
134445218
575573508
925194002
198661093
67918430
561852534
538738381
787876239
18966200
891959892
277485859
877398531
969032111
400547907
14728913
652082609
69552311
602848908
159731776
380311164
219724456
467946313
243326104
394128825
810666160
139487897
851113866
255475081
455210748
448481702
688744540
105212795
141502893
984487807
849843199
541239530
946803232
469837439
383940640
800827578
459721499
891259060
173589673
219234047
80126508
643884779
128132503
662652557
689492344
362360596
23235276
186058037
685296147
754386419
197657892
888483220
124038355
292746850
572126267
633659507
253847501
50845969
230422291
175431273
924712262
47625678
980329574
741685733
599532398
267999663
489778029
139229556
554620664
364473442
534471069
111274719
477933433
478099337
958236775
357318688
657885796
570562842
292095508
387432481
582903900
106100329
33914156
426318621
113660092
116045225
774659705
82651372
79800905
138535835
957787204
176643130
594342456
242769534
422589765
822889026
254099537
343009461
977275493
201926266
979569605
450066181
211139947
607570044
9685628
366478173
501622525
494636038
53165977
439754161
17341518
727213503
769529910
64675428
368699832
81025487
304081845
246608126
518003097
944318858
706524322
111328551
720475581
311267773
407403211
832418299
290040949
106042706
863220250
676948330
623015540
815756601
103452880
113493678
652009547
8566844
936982153
143408025
163974095
478158246
126619847
795780952
175204358
627844023
934046423
365786775
267500786
926564371
447338275
809208834
648128534
989365943
416517207
874140411
689419675
747370832
634658034
324674156
28702852
19031237
430793482
806494103
575889909
254548358
254117374
219321100
783904856
317035739
4148799
94759418
433067390
383914761
658193095
995714081
241483465
155843946
487579870
477858065
410550326
7969415
373885398
862541987
860351058
362102895
350557809
339115871
868927794
642424116
9748156
636911023
388907516
29069792
423104322
41059238
131471746
33375372
368631056
886902481
431769402
555157522
348419196
881639382
122902112
526794316
842636447
550269217
604686172
614944689
65476765
616907854
578067876
683795217
27919841
177506427
378514680
972369567
806621321
730162827
69427676
297722650
131720732
889921548
568812121
199213594
712649913
136282535
362178750
824221596
45208421
725272623
635846243
325167086
168451753
254016634
686056572
329640168
145589819
397916246
140203268
388767192
766563765
537591739
866801943
76836376
785650311
525057802
115814472
317237363
687398252
907094020
344093001
587226562
814110849
616650243
470331542
7191333
361118161
618057789
377081471
722577669
275364534
21770604
490138565
836749859
54433728
431994648
637047624
454970543
367690726
956873565
601212438
923886672
974456465
385358377
948855233
914680683
661167515
185131241
498309583
111946580
406451033
309300139
116483497
79690622
227294238
286150367
54267498
156452709
907106168
174549947
172710693
60988096
821285519
6120545
494658984
657951108
714540272
857955699
124881981
99266592
765102540
191174160
618616066
459866733
373980038
91026452
623066350
453789855
65431810
275688553
616441195
50176408
77570129
700461628
768410689
85423284
241795913
215143634
51855132
269931652
930218568
120175909
94914467
391196404
968786225
755067214
774211997
655326450
41698238
273858092
757340667
49397478
558422661
736238230
278490926
222835692
449148803
483846315
426090055
415629986
685303223
627797085
204365533
676579835
278541858
808641001
9771064
211686704
210842461
210753140
24405814
981979892
481582407
933049007
607875446
642649925

