982
713155191
199358975
215417863
74282216
570366967
167823772
180665664
237684534
20910008
829724355
729068552
739332881
280785839
34412401
375575067
877907901
148044490
703708702
622161004
2078990
579401027
994544444
392727096
181528191
9608372
283627868
146792328
893804598
114519037
526424882
76743239
920188500
514283592
139944596
614836358
881247096
193558098
161501613
217515819
991893782
916973755
343040749
521020304
337980632
796306042
281702352
227311972
622867682
101963845
571704902
883095540
391341910
309367752
968924637
74532835
455585543
741248545
440616435
882540546
71680345
664309239
156052863
211108479
269741431
721232990
851850115
496725487
290508233
15637839
649500156
108274434
486812501
925620528
418095558
576507344
328039921
637535262
868120745
653638499
946619019
820111729
135598515
45768476
13125562
742653485
800966352
8660292
995136835
480522305
288316100
454411234
630594058
588287361
837643491
947770984
651691440
505327458
833294022
139648714
197630522
17530736
793494274
799087267
952603258
744223707
885157034
755771117
745980278
928616505
806683990
946998489
629763661
22588330
132624217
994674877
109948334
592625779
639560671
382761115
748541235
111090437
77868778
518405809
305598098
314354208
741643361
920285968
764051420
191446794
64586865
681633350
984236241
625362196
308286935
421934959
831944632
54899201
514949593
288450395
713535361
600035776
961395906
73019128
859672522
435671192
310733443
179589206
349311673
722411980
541228754
125426954
810457510
347998292
133707879
169317014
391791239
795083874
418789711
246469559
954608783
284678563
6561691
585893465
853487818
673763801
835750061
575192642
342755774
295478124
8311085
153683419
610408224
676961715
141066067
524583949
388406732
476809741
304140992
79939905
208558411
216883770
119889061
144385445
923330187
407318741
149125439
453079113
401430021
711480242
13145067
671899864
325183652
286559874
582501594
842607358
78615416
756913154
848995243
19943226
32275094
763090826
851634685
937974939
181430820
20776543
995767483
62995782
65432877
94406909
482506531
89070022
464557130
333676183
158468203
97023416
439398317
14417844
98012347
309545246
636247825
42940652
110341850
947634865
657473995
702287532
570542560
537290104
6248200
435512576
187068105
922795365
596349671
749732475
579056990
36122797
508513118
245145278
765258817
463515189
14013812
197212044
417665312
948409203
978098945
325183597
782806708
863812963
759293844
797537602
782114051
329153967
112598500
653081569
345149299
76237474
100853562
910637576
764798792
249936818
52192102
844283806
462518178
826418888
77187278
205333166
330605292
370419222
599427651
65004958
435299578
28250413
81949470
332521834
471470572
52648028
918958749
794158502
975058002
164020580
240951944
80015426
611841678
320965323
419731355
721870120
379424053
294517533
129744917
767097636
712246237
631682043
44410946
84867770
145595594
137496820
834430123
701750158
597674629
88488642
237501954
112144751
967688591
110350052
786429171
300932306
877559390
550623371
972405967
446535921
146453602
558482661
460624657
454968285
341221643
76743007
596444333
262828033
853717383
711419941
620890286
791615817
629646410
769634990
845519410
332973147
192245992
138608931
20769367
636977908
528107085
137117474
813891032
888076758
245995146
193720282
476297191
596242858
866201388
416892568
208493322
488646340
475342897
75903895
577230457
364473184
760419433
879262235
548882540
152569507
639769870
922309331
545066539
441554614
904429615
472045246
490084313
414813162
48035151
973340173
748786255
946141254
208017442
746072668
448109624
131704985
437820464
715133018
89127610
2061303
590522828
911947150
313536981
337541789
153581975
188554936
72926423
402987479
957978276
972167297
874642593
101827620
728941220
85652740
213759424
22482813
649182516
139368192
121490819
609996798
842622151
553365873
810889522
609642968
501719991
339416885
951080151
461100151
209763585
240136783
900167748
420072622
786887609
126437393
957826851
46705294
41973165
295070539
31332108
372569641
974898030
855154408
244507536
53208083
461783084
602009853
260753509
819895447
834588498
687666624
449517171
461185373
180503083
214501607
456638206
539100193
228302896
777162234
142723258
37125507
57300490
460026254
744720839
935425098
130686426
960200664
698366611
285661998
391959405
416581992
17543625
99607651
498317864
619900421
543638001
234693045
658394029
539985063
197723772
640122367
225895635
974528163
377486322
108220821
287897449
685898778
908223758
854552622
892708359
589440502
14206346
992082265
987926251
386148713
576012676
327510585
856149052
224597101
126003499
478107512
928045912
755736489
799300339
667668033
872428793
854217161
74520180
422574202
123821221
450518981
185318991
938579048
528587400
433197250
485846722
687249685
318362514
303438703
224101027
121076421
93785860
842989104
304362277
808901641
55617617
588802963
74881054
55902722
434391552
193020152
108583896
680430921
136458667
327547447
565832647
235326933
142545281
803510282
643811454
720489255
673940123
397053220
999567234
978864003
223455343
807529632
992970113
515246776
359985567
812138296
544897827
109143120
562040860
815025235
77622375
9593026
91319805
148442220
525402949
709677695
915640505
918840071
844375563
599845646
394423051
789819167
121669884
933261153
215317633
697029830
514418904
24496316
379041683
88389332
517706100
119321220
357313089
672602136
169333017
406619387
962043953
733808185
519965578
703197770
911702865
939364067
529755652
137014518
126899769
132449324
321387803
877651115
510084005
128015323
517163676
963580304
998312534
616730898
779043462
286858312
5368860
216440812
936450224
649979647
650165986
838028197
524046840
464940629
496619519
781168783
707689840
9045791
958921366
635453981
286408107
778719778
341264908
163623238
328762721
592290290
754091020
223613537
402412351
510903437
348521736
402821565
667780915
406295755
471075892
494046977
803067216
283410001
27002433
565889913
639072920
246029280
403042683
387932394
402397811
309516041
201532872
469295435
358224676
467644460
387641006
31053230
995584251
757067668
406521698
368163676
464120996
807842749
79095093
848773098
474694622
616784966
807769783
845567629
973162568
676439775
193842763
910785979
603455888
214388380
992044296
218530088
726008875
856526440
971272805
358179248
566677964
534158246
976135275
673117176
646944668
519283518
399356359
261816466
80134856
592184258
600360925
937997981
793220704
404219149
16800297
931687735
259328755
159758347
574806078
829083994
465379208
128996072
766318574
679952576
306530332
3453582
436642594
386149668
186475185
251551387
697995864
211765104
883846212
968670811
369330126
72567029
567000512
648926956
937875907
54594157
593513509
34342415
252624472
418164544
126260943
172157841
713845654
801161248
767599979
31968131
803907868
367539651
883125492
311877942
359268115
13974596
462600271
31573028
165667622
560663257
665880785
574751213
906580844
266851971
340423681
347532851
65582773
869287978
921397509
864187874
326378307
118194625
755814864
393345561
432526102
938755324
432257135
242404754
681631501
526027061
94580271
329864233
759637168
501638308
625439833
125614945
639369253
492280707
329374250
269202142
281589432
696803783
110568099
234748164
652460593
605298660
72928979
640041597
258852469
451436317
626106883
864507679
436253567
868194068
605603773
225988573
671635150
433236504
652502270
720246909
620529799
792252500
358136521
215462699
116032857
22316960
784953071
40036608
599030399
817879548
117755162
82609223
914515705
214054390
276448995
188563160
572068145
271314387
69474474
129364809
85122769
153387708
914986193
608726249
94538161
863514521
767791389
420836202
259033271
641693903
711787683
554935360
196571462
977290261
275180766
232411303
23182616
351221302
559012305
900261783
141556176
220176584
129908284
625010636
498600626
379491641
753046344
28046174
690386238
406546745
908700344
308672917
78561754
633266516
42915760
643665707
40940793
47080838
657080302
407138724
594308549
304024245
848411881
150680147
900044190
554934888
852276531
683012647
504713622
628458579
178695565
128608317
426582611
415535654
47243014
114513135
675609471
272944741
585467748
573286096
678121421
23742700
318626086
797019533
615816787
334467272
38939648
260280283
142762155
110511325
138111832
370193105
749662239
941435695
588471724
653843851
178429569
98384119
996584968
751074097
119045681
431496688
440934084
547168957
22032623
777405732
155827864
803026079
133105805
973711236
467089744
352918078
89622909
496867118
192033227
764258968
753415982
143994744
368874825
840182071
184611125
632297608
112773904
666364262
542607079
573377571
68448365
44375199
24525422
137519996
93907739
139947181
136325724
623089332
511814121
484948182
69656453
909233660
753247904
981614335
345697077
759565449
921847095
337600051
251465839
831426939
482281239
472001461
669629921
6035540
531987761
635353649
838689054
248943826
277908515
75437746
153213917
63640005
345737438
316773388
756370
86265186
851981191
229990293
469335985
758298266
12497874
856309244
423077640
236155649
843639872
57913159
84736943
840285673
75220079
501404146
992547578
361882259
104475515
92867520
53657568
185898138
97390826
17947360
362810756
52970864
298100573
318188895
270356742
272680354
646676204
704421229
414020963
462700364
319785626
476047543
283280692
676934151
463461624
89630725
961441704
793054381
920608788
825831039
785825710
913345613
593248965
115295375
95437575
767065975
21128386
629240255
914709925
497332591
264543644
998514809
457626290
422145447
391123249
729141324
515794822
319375672
26582411
763420374
490552869
316862663
238107641
959113090
222552400
539009662
75356605
574074089
369511481

