730
771757575
445122839
80419292
454385412
409179592
324011690
665361915
600603685
246483211
118630955
991090650
483349078
860801360
277050036
3817524
740604973
360320145
68537413
568869553
144807887
244543716
678590563
118599852
604258029
576139161
376461564
247719797
969284307
859564934
677154124
491150947
202995574
846671587
978147854
695102859
581383215
943533233
374235987
533131597
408347604
708292586
541554882
4917509
714876176
911219821
63028594
719726874
359922327
172211115
561739861
512384252
685065519
582070489
713711201
58511990
437263375
676572544
188318872
859220907
729982509
915046405
800222137
427095375
173159957
82349420
514867686
744070040
834051739
742874649
705724913
483368967
949410283
565067234
721891058
696545263
790612854
528549159
65940052
834783854
513544455
837012396
58614943
491906459
659998265
351628108
825340503
936806703
808252085
118019026
961844119
486354387
969037551
467611215
619826162
411867136
118603750
306037422
525689531
270637920
108112217
365368671
317471492
281094714
156284515
193282090
891916816
514496226
826973021
586873109
47126023
129788471
452831755
564210318
185360475
355130858
490874721
709609916
78734753
840001780
663701996
442212128
34886849
488442280
326372845
206062065
127466241
358359855
63108593
104647954
147627274
280097507
431797809
929147121
924781362
339502327
632596576
63804224
294146693
113222770
17064911
300780967
528883270
402871133
34908163
461789761
398675046
868853751
935177711
933665522
695277034
609633384
813119421
61605134
421252873
551463669
151650776
975553507
719689605
663590165
220015924
196172490
204040793
883131991
20003008
539135767
879910890
511165115
907105618
241179149
468352633
1611787
162140736
809524813
404429740
739444480
42413291
633626221
921046664
715868587
700194269
1092100
877842254
119947530
445186995
640549939
132445766
130516229
66787893
846085679
121652855
287500434
973377841
782217361
247444444
727150641
893051596
398414680
505420451
540276804
964425139
907888220
73536625
897398486
135299898
707921242
895095852
459731980
134394616
327856064
637646081
188030578
691018474
755416436
536809683
46236889
825460767
335046130
190189373
856819180
859405287
507664021
259581081
918223192
780211647
410280971
540335394
840243784
264373205
635432591
737153712
371726140
362980655
194554428
132027423
770007022
417605786
478878438
478127488
759148456
945786716
45548972
959807687
551215169
850243765
777723685
394903450
928816964
973748684
737495054
351736860
503216958
466490033
363811766
733008865
142027642
17174370
129756593
53074785
521719061
961229600
660081756
664506474
907819195
17265049
50508567
252118656
465707916
230228601
467162694
295578145
245621778
434625730
895525319
587283241
736974039
307789187
354471445
76079370
11455842
843320298
775311008
837674739
26485666
260744343
910032921
497531678
567624482
570529068
734393423
638557297
915191643
385017451
70002979
25844067
162522194
424425648
944644328
752705474
961895627
712324290
84669867
76827008
257370783
417409214
74821703
936096453
473608199
236892097
287446887
146029106
707546342
460779445
34037212
530249223
499840869
405283389
622518459
658611992
21806774
200149633
330764585
53594178
638549197
805480504
100108674
82577171
808890509
457204957
866465685
245868136
966796462
475717974
454076944
562609659
20170546
122015720
386363866
346014190
59682895
586230535
101839667
447306023
350555824
822021524
439315953
900877289
779810326
563250911
39196756
651460846
736503780
669626002
6306131
21536577
259040771
403250677
423610651
746095204
21307733
21667606
737347455
285047416
913985614
759506831
587199255
493387095
657602494
182405972
922266094
986607992
313918151
778042168
248274065
370345210
835704607
100916975
305309534
939804940
204888753
854601809
765162471
393978575
676888328
680199190
173755199
314135134
70845138
899997246
748366057
491197586
290426694
95603382
154998117
305827858
717268228
672456228
276855149
804751033
39268828
953420322
291344990
69908895
636668735
627654534
437121380
303149455
40550025
851479444
121363834
675862535
476668956
88598541
146159053
768289223
692253884
377651190
67167628
66541377
772285150
474845078
863990733
29551676
490702758
191014105
323304826
803003675
457641223
598757391
100347973
784431003
491335767
579170481
651240993
743881802
321557261
956507611
922523421
945203647
461196668
186188858
481248000
150314280
105377792
420027707
88823758
517703901
698646739
6928826
396333491
102872014
676308355
538977708
503949595
722947062
313440207
757973498
503107622
648278810
90597935
240037419
750683841
368280733
356700814
840290144
3039929
634663131
286974819
469760992
884635566
709301947
34115522
86250389
286015267
152556266
115913388
7393076
592080420
267105989
267126952
501993709
608638421
736942780
121128262
727883082
949517720
984289577
98833117
213778002
435127151
270717736
29223712
530118466
602435776
606437993
878921992
113322035
708543491
749069899
812466619
958634425
42815472
689023844
139240668
945979285
524414755
158652264
43855069
947045523
376563008
952540949
816017395
764904022
702720125
63354241
11452802
914948103
226568016
885766135
137828236
556892553
76555162
353132291
670508851
914056084
352570647
302763601
145161560
39599233
600017292
529086411
104343919
258755547
281745211
321207077
580733056
67093729
396634392
625059586
449180441
407621520
924293397
668763942
728392319
753282085
92170767
49079345
782790403
691179449
135313297
987017484
101735816
579019962
239269333
297801354
472967801
906426952
404746248
64871542
908000197
457018262
286811013
159265207
252981283
464893973
921197233
727280035
943364998
816344935
522514134
270107223
39286957
813605676
764344062
917793517
972411208
462009854
30840229
989340812
869619406
597173220
657506124
108639341
996058775
34165224
274692378
7672988
518953656
526576844
28015213
404659612
955393226
903834305
293472202
304142162
229528428
861086153
113827061
884711303
465107563
466468095
104330558
365553007
568154157
310528891
306160006
605252236
723222024
84311049
378374030
276067217
51790988
912980204
684044832
802524933
827417169
195384765
342567167
529770026
494838837
818235943
417571270
122354195
134038944
59804126
568906992
313682189
279193006
608434696
893576078
81562730
110224439
386730410
730821349
107307585
20670801
540586684
121097056
675940687
33264590
553977308
108511454
672667962
920016146
250617352
609703052
830287067
963349703
778150435
724231738
109819883
364723907
951947863
983916083
875842100
654826925
300934942
597293296
651300683
836426118
371023903
768600298
877584873
502208894
502776645
933710912
914429202
522964137
290449641
21460216
332338833
604742424
678768476
270337284
921436072
56741862
712469731
738174707
279608690
631542182
30264416
151214401
750491376
174135466
664911528
59294361
794582798
641065676
744912108
137921782
585364844
78908792
821626048
357059369
644097176
332867890
270627076
258192683
241824195
113889006
18532625
358336093
937709812
858278322
235250332
772066246
89248468
445439518
173550767
329140083
35589397
105820979
610244549
277351049
442265434
250674217
333949782
61755749
632350291
899517045
655883763
736235729
330013040
320071677
534501545
94436875
73288
201061208
113542752
379546967
863574437

