630464 578923 293247
630464 578923 289305
630464 120750 949596
630464 120750 293247
630464 120750 226275
630464 120750 442851
630464 120750 197418
630464 120750 268251
630464 120750 691980
630464 120750 289305
630464 861415 293247
630464 861415 289305
630464 136774 293247
630464 136774 289305
630464 284992 293247
630464 284992 289305
630464 111346 293247
630464 111346 289305
630464 325309 293247
630464 325309 289305
630464 397951 293247
630464 397951 289305
630464 235303 293247
630464 235303 289305
630464 949596 293247
630464 949596 226275
630464 949596 442851
630464 949596 197418
630464 949596 268251
630464 949596 691980
630464 949596 289305
630464 453526 293247
630464 453526 289305
630464 198839 293247
630464 198839 289305
630464 236894 293247
630464 236894 289305
630464 293247 43303
630464 293247 884777
630464 293247 226275
630464 293247 442851
630464 293247 197418
630464 293247 823936
630464 293247 268251
630464 293247 351287
630464 293247 874361
630464 293247 810412
630464 293247 691980
630464 293247 289305
630464 293247 871012
630464 293247 641512
630464 293247 56119
630464 293247 443230
630464 43303 289305
630464 884777 289305
630464 226275 442851
630464 226275 197418
630464 226275 268251
630464 226275 691980
630464 226275 289305
630464 442851 197418
630464 442851 268251
630464 442851 691980
630464 442851 289305
630464 197418 268251
630464 197418 691980
630464 197418 289305
630464 823936 289305
630464 268251 691980
630464 268251 289305
630464 351287 289305
630464 874361 289305
630464 810412 289305
630464 691980 289305
630464 289305 871012
630464 289305 641512
630464 289305 56119
630464 289305 443230
578923 120750 949596
578923 120750 293247
578923 120750 226275
578923 120750 442851
578923 120750 197418
578923 120750 268251
578923 120750 691980
578923 120750 289305
578923 861415 293247
578923 861415 289305
578923 136774 293247
578923 136774 289305
578923 284992 293247
578923 284992 289305
578923 111346 293247
578923 111346 289305
578923 325309 293247
578923 325309 289305
578923 397951 293247
578923 397951 289305
578923 235303 293247
578923 235303 289305
578923 949596 293247
578923 949596 226275
578923 949596 442851
578923 949596 197418
578923 949596 268251
578923 949596 691980
578923 949596 289305
578923 453526 293247
578923 453526 289305
578923 198839 293247
578923 198839 289305
578923 236894 293247
578923 236894 289305
578923 293247 43303
578923 293247 884777
578923 293247 226275
578923 293247 442851
578923 293247 197418
578923 293247 823936
578923 293247 268251
578923 293247 351287
578923 293247 874361
578923 293247 810412
578923 293247 691980
578923 293247 289305
578923 293247 871012
578923 293247 641512
578923 293247 56119
578923 293247 443230
578923 43303 289305
578923 884777 289305
578923 226275 442851
578923 226275 197418
578923 226275 268251
578923 226275 691980
578923 226275 289305
578923 442851 197418
578923 442851 268251
578923 442851 691980
578923 442851 289305
578923 197418 268251
578923 197418 691980
578923 197418 289305
578923 823936 289305
578923 268251 691980
578923 268251 289305
578923 351287 289305
578923 874361 289305
578923 810412 289305
578923 691980 289305
578923 289305 871012
578923 289305 641512
578923 289305 56119
578923 289305 443230
120750 861415 949596
120750 861415 293247
120750 861415 226275
120750 861415 442851
120750 861415 197418
120750 861415 268251
120750 861415 691980
120750 861415 289305
120750 136774 949596
120750 136774 293247
120750 136774 226275
120750 136774 442851
120750 136774 197418
120750 136774 268251
120750 136774 691980
120750 136774 289305
120750 284992 949596
120750 284992 293247
120750 284992 226275
120750 284992 442851
120750 284992 197418
120750 284992 268251
120750 284992 691980
120750 284992 289305
120750 111346 949596
120750 111346 293247
120750 111346 226275
120750 111346 442851
120750 111346 197418
120750 111346 268251
120750 111346 691980
120750 111346 289305
120750 325309 949596
120750 325309 293247
120750 325309 226275
120750 325309 442851
120750 325309 197418
120750 325309 268251
120750 325309 691980
120750 325309 289305
120750 397951 949596
120750 397951 293247
120750 397951 226275
120750 397951 442851
120750 397951 197418
120750 397951 268251
120750 397951 691980
120750 397951 289305
120750 235303 949596
120750 235303 293247
120750 235303 226275
120750 235303 442851
120750 235303 197418
120750 235303 268251
120750 235303 691980
120750 235303 289305
120750 949596 453526
120750 949596 198839
120750 949596 236894
120750 949596 293247
120750 949596 43303
120750 949596 884777
120750 949596 226275
120750 949596 442851
120750 949596 197418
120750 949596 823936
120750 949596 268251
120750 949596 351287
120750 949596 874361
120750 949596 810412
120750 949596 691980
120750 949596 289305
120750 949596 871012
120750 949596 641512
120750 949596 56119
120750 949596 443230
120750 453526 293247
120750 453526 226275
120750 453526 442851
120750 453526 197418
120750 453526 268251
120750 453526 691980
120750 453526 289305
120750 198839 293247
120750 198839 226275
120750 198839 442851
120750 198839 197418
120750 198839 268251
120750 198839 691980
120750 198839 289305
120750 236894 293247
120750 236894 226275
120750 236894 442851
120750 236894 197418
120750 236894 268251
120750 236894 691980
120750 236894 289305
120750 293247 43303
120750 293247 884777
120750 293247 226275
120750 293247 442851
120750 293247 197418
120750 293247 823936
120750 293247 268251
120750 293247 351287
120750 293247 874361
120750 293247 810412
120750 293247 691980
120750 293247 289305
120750 293247 871012
120750 293247 641512
120750 293247 56119
120750 293247 443230
120750 43303 226275
120750 43303 442851
120750 43303 197418
120750 43303 268251
120750 43303 691980
120750 43303 289305
120750 884777 226275
120750 884777 442851
120750 884777 197418
120750 884777 268251
120750 884777 691980
120750 884777 289305
120750 226275 442851
120750 226275 197418
120750 226275 823936
120750 226275 268251
120750 226275 351287
120750 226275 874361
120750 226275 810412
120750 226275 691980
120750 226275 289305
120750 226275 871012
120750 226275 641512
120750 226275 56119
120750 226275 443230
120750 442851 197418
120750 442851 823936
120750 442851 268251
120750 442851 351287
120750 442851 874361
120750 442851 810412
120750 442851 691980
120750 442851 289305
120750 442851 871012
120750 442851 641512
120750 442851 56119
120750 442851 443230
120750 197418 823936
120750 197418 268251
120750 197418 351287
120750 197418 874361
120750 197418 810412
120750 197418 691980
120750 197418 289305
120750 197418 871012
120750 197418 641512
120750 197418 56119
120750 197418 443230
120750 823936 268251
120750 823936 691980
120750 823936 289305
120750 268251 351287
120750 268251 874361
120750 268251 810412
120750 268251 691980
120750 268251 289305
120750 268251 871012
120750 268251 641512
120750 268251 56119
120750 268251 443230
120750 351287 691980
120750 351287 289305
120750 874361 691980
120750 874361 289305
120750 810412 691980
120750 810412 289305
120750 691980 289305
120750 691980 871012
120750 691980 641512
120750 691980 56119
120750 691980 443230
120750 289305 871012
120750 289305 641512
120750 289305 56119
120750 289305 443230
861415 136774 293247
861415 136774 289305
861415 284992 293247
861415 284992 289305
861415 111346 293247
861415 111346 289305
861415 325309 293247
861415 325309 289305
861415 397951 293247
861415 397951 289305
861415 235303 293247
861415 235303 289305
861415 949596 293247
861415 949596 226275
861415 949596 442851
861415 949596 197418
861415 949596 268251
861415 949596 691980
861415 949596 289305
861415 453526 293247
861415 453526 289305
861415 198839 293247
861415 198839 289305
861415 236894 293247
861415 236894 289305
861415 293247 43303
861415 293247 884777
861415 293247 226275
861415 293247 442851
861415 293247 197418
861415 293247 823936
861415 293247 268251
861415 293247 351287
861415 293247 874361
861415 293247 810412
861415 293247 691980
861415 293247 289305
861415 293247 871012
861415 293247 641512
861415 293247 56119
861415 293247 443230
861415 43303 289305
861415 884777 289305
861415 226275 442851
861415 226275 197418
861415 226275 268251
861415 226275 691980
861415 226275 289305
861415 442851 197418
861415 442851 268251
861415 442851 691980
861415 442851 289305
861415 197418 268251
861415 197418 691980
861415 197418 289305
861415 823936 289305
861415 268251 691980
861415 268251 289305
861415 351287 289305
861415 874361 289305
861415 810412 289305
861415 691980 289305
861415 289305 871012
861415 289305 641512
861415 289305 56119
861415 289305 443230
136774 284992 293247
136774 284992 289305
136774 111346 293247
136774 111346 289305
136774 325309 293247
136774 325309 289305
136774 397951 293247
136774 397951 289305
136774 235303 293247
136774 235303 289305
136774 949596 293247
136774 949596 226275
136774 949596 442851
136774 949596 197418
136774 949596 268251
136774 949596 691980
136774 949596 289305
136774 453526 293247
136774 453526 289305
136774 198839 293247
136774 198839 289305
136774 236894 293247
136774 236894 289305
136774 293247 43303
136774 293247 884777
136774 293247 226275
136774 293247 442851
136774 293247 197418
136774 293247 823936
136774 293247 268251
136774 293247 351287
136774 293247 874361
136774 293247 810412
136774 293247 691980
136774 293247 289305
136774 293247 871012
136774 293247 641512
136774 293247 56119
136774 293247 443230
136774 43303 289305
136774 884777 289305
136774 226275 442851
136774 226275 197418
136774 226275 268251
136774 226275 691980
136774 226275 289305
136774 442851 197418
136774 442851 268251
136774 442851 691980
136774 442851 289305
136774 197418 268251
136774 197418 691980
136774 197418 289305
136774 823936 289305
136774 268251 691980
136774 268251 289305
136774 351287 289305
136774 874361 289305
136774 810412 289305
136774 691980 289305
136774 289305 871012
136774 289305 641512
136774 289305 56119
136774 289305 443230
284992 111346 293247
284992 111346 289305
284992 325309 293247
284992 325309 289305
284992 397951 293247
284992 397951 289305
284992 235303 293247
284992 235303 289305
284992 949596 293247
284992 949596 226275
284992 949596 442851
284992 949596 197418
284992 949596 268251
284992 949596 691980
284992 949596 289305
284992 453526 293247
284992 453526 289305
284992 198839 293247
284992 198839 289305
284992 236894 293247
284992 236894 289305
284992 293247 43303
284992 293247 884777
284992 293247 226275
284992 293247 442851
284992 293247 197418
284992 293247 823936
284992 293247 268251
284992 293247 351287
284992 293247 874361
284992 293247 810412
284992 293247 691980
284992 293247 289305
284992 293247 871012
284992 293247 641512
284992 293247 56119
284992 293247 443230
284992 43303 289305
284992 884777 289305
284992 226275 442851
284992 226275 197418
284992 226275 268251
284992 226275 691980
284992 226275 289305
284992 442851 197418
284992 442851 268251
284992 442851 691980
284992 442851 289305
284992 197418 268251
284992 197418 691980
284992 197418 289305
284992 823936 289305
284992 268251 691980
284992 268251 289305
284992 351287 289305
284992 874361 289305
284992 810412 289305
284992 691980 289305
284992 289305 871012
284992 289305 641512
284992 289305 56119
284992 289305 443230
111346 325309 293247
111346 325309 289305
111346 397951 293247
111346 397951 289305
111346 235303 293247
111346 235303 289305
111346 949596 293247
111346 949596 226275
111346 949596 442851
111346 949596 197418
111346 949596 268251
111346 949596 691980
111346 949596 289305
111346 453526 293247
111346 453526 289305
111346 198839 293247
111346 198839 289305
111346 236894 293247
111346 236894 289305
111346 293247 43303
111346 293247 884777
111346 293247 226275
111346 293247 442851
111346 293247 197418
111346 293247 823936
111346 293247 268251
111346 293247 351287
111346 293247 874361
111346 293247 810412
111346 293247 691980
111346 293247 289305
111346 293247 871012
111346 293247 641512
111346 293247 56119
111346 293247 443230
111346 43303 289305
111346 884777 289305
111346 226275 442851
111346 226275 197418
111346 226275 268251
111346 226275 691980
111346 226275 289305
111346 442851 197418
111346 442851 268251
111346 442851 691980
111346 442851 289305
111346 197418 268251
111346 197418 691980
111346 197418 289305
111346 823936 289305
111346 268251 691980
111346 268251 289305
111346 351287 289305
111346 874361 289305
111346 810412 289305
111346 691980 289305
111346 289305 871012
111346 289305 641512
111346 289305 56119
111346 289305 443230
325309 397951 293247
325309 397951 289305
325309 235303 293247
325309 235303 289305
325309 949596 293247
325309 949596 226275
325309 949596 442851
325309 949596 197418
325309 949596 268251
325309 949596 691980
325309 949596 289305
325309 453526 293247
325309 453526 289305
325309 198839 293247
325309 198839 289305
325309 236894 293247
325309 236894 289305
325309 293247 43303
325309 293247 884777
325309 293247 226275
325309 293247 442851
325309 293247 197418
325309 293247 823936
325309 293247 268251
325309 293247 351287
325309 293247 874361
325309 293247 810412
325309 293247 691980
325309 293247 289305
325309 293247 871012
325309 293247 641512
325309 293247 56119
325309 293247 443230
325309 43303 289305
325309 884777 289305
325309 226275 442851
325309 226275 197418
325309 226275 268251
325309 226275 691980
325309 226275 289305
325309 442851 197418
325309 442851 268251
325309 442851 691980
325309 442851 289305
325309 197418 268251
325309 197418 691980
325309 197418 289305
325309 823936 289305
325309 268251 691980
325309 268251 289305
325309 351287 289305
325309 874361 289305
325309 810412 289305
325309 691980 289305
325309 289305 871012
325309 289305 641512
325309 289305 56119
325309 289305 443230
397951 235303 293247
397951 235303 289305
397951 949596 293247
397951 949596 226275
397951 949596 442851
397951 949596 197418
397951 949596 268251
397951 949596 691980
397951 949596 289305
397951 453526 293247
397951 453526 289305
397951 198839 293247
397951 198839 289305
397951 236894 293247
397951 236894 289305
397951 293247 43303
397951 293247 884777
397951 293247 226275
397951 293247 442851
397951 293247 197418
397951 293247 823936
397951 293247 268251
397951 293247 351287
397951 293247 874361
397951 293247 810412
397951 293247 691980
397951 293247 289305
397951 293247 871012
397951 293247 641512
397951 293247 56119
397951 293247 443230
397951 43303 289305
397951 884777 289305
397951 226275 442851
397951 226275 197418
397951 226275 268251
397951 226275 691980
397951 226275 289305
397951 442851 197418
397951 442851 268251
397951 442851 691980
397951 442851 289305
397951 197418 268251
397951 197418 691980
397951 197418 289305
397951 823936 289305
397951 268251 691980
397951 268251 289305
397951 351287 289305
397951 874361 289305
397951 810412 289305
397951 691980 289305
397951 289305 871012
397951 289305 641512
397951 289305 56119
397951 289305 443230
235303 949596 293247
235303 949596 226275
235303 949596 442851
235303 949596 197418
235303 949596 268251
235303 949596 691980
235303 949596 289305
235303 453526 293247
235303 453526 289305
235303 198839 293247
235303 198839 289305
235303 236894 293247
235303 236894 289305
235303 293247 43303
235303 293247 884777
235303 293247 226275
235303 293247 442851
235303 293247 197418
235303 293247 823936
235303 293247 268251
235303 293247 351287
235303 293247 874361
235303 293247 810412
235303 293247 691980
235303 293247 289305
235303 293247 871012
235303 293247 641512
235303 293247 56119
235303 293247 443230
235303 43303 289305
235303 884777 289305
235303 226275 442851
235303 226275 197418
235303 226275 268251
235303 226275 691980
235303 226275 289305
235303 442851 197418
235303 442851 268251
235303 442851 691980
235303 442851 289305
235303 197418 268251
235303 197418 691980
235303 197418 289305
235303 823936 289305
235303 268251 691980
235303 268251 289305
235303 351287 289305
235303 874361 289305
235303 810412 289305
235303 691980 289305
235303 289305 871012
235303 289305 641512
235303 289305 56119
235303 289305 443230
949596 453526 293247
949596 453526 226275
949596 453526 442851
949596 453526 197418
949596 453526 268251
949596 453526 691980
949596 453526 289305
949596 198839 293247
949596 198839 226275
949596 198839 442851
949596 198839 197418
949596 198839 268251
949596 198839 691980
949596 198839 289305
949596 236894 293247
949596 236894 226275
949596 236894 442851
949596 236894 197418
949596 236894 268251
949596 236894 691980
949596 236894 289305
949596 293247 43303
949596 293247 884777
949596 293247 226275
949596 293247 442851
949596 293247 197418
949596 293247 823936
949596 293247 268251
949596 293247 351287
949596 293247 874361
949596 293247 810412
949596 293247 691980
949596 293247 289305
949596 293247 871012
949596 293247 641512
949596 293247 56119
949596 293247 443230
949596 43303 226275
949596 43303 442851
949596 43303 197418
949596 43303 268251
949596 43303 691980
949596 43303 289305
949596 884777 226275
949596 884777 442851
949596 884777 197418
949596 884777 268251
949596 884777 691980
949596 884777 289305
949596 226275 442851
949596 226275 197418
949596 226275 823936
949596 226275 268251
949596 226275 351287
949596 226275 874361
949596 226275 810412
949596 226275 691980
949596 226275 289305
949596 226275 871012
949596 226275 641512
949596 226275 56119
949596 226275 443230
949596 442851 197418
949596 442851 823936
949596 442851 268251
949596 442851 351287
949596 442851 874361
949596 442851 810412
949596 442851 691980
949596 442851 289305
949596 442851 871012
949596 442851 641512
949596 442851 56119
949596 442851 443230
949596 197418 823936
949596 197418 268251
949596 197418 351287
949596 197418 874361
949596 197418 810412
949596 197418 691980
949596 197418 289305
949596 197418 871012
949596 197418 641512
949596 197418 56119
949596 197418 443230
949596 823936 268251
949596 823936 691980
949596 823936 289305
949596 268251 351287
949596 268251 874361
949596 268251 810412
949596 268251 691980
949596 268251 289305
949596 268251 871012
949596 268251 641512
949596 268251 56119
949596 268251 443230
949596 351287 691980
949596 351287 289305
949596 874361 691980
949596 874361 289305
949596 810412 691980
949596 810412 289305
949596 691980 289305
949596 691980 871012
949596 691980 641512
949596 691980 56119
949596 691980 443230
949596 289305 871012
949596 289305 641512
949596 289305 56119
949596 289305 443230
453526 198839 293247
453526 198839 289305
453526 236894 293247
453526 236894 289305
453526 293247 43303
453526 293247 884777
453526 293247 226275
453526 293247 442851
453526 293247 197418
453526 293247 823936
453526 293247 268251
453526 293247 351287
453526 293247 874361
453526 293247 810412
453526 293247 691980
453526 293247 289305
453526 293247 871012
453526 293247 641512
453526 293247 56119
453526 293247 443230
453526 43303 289305
453526 884777 289305
453526 226275 442851
453526 226275 197418
453526 226275 268251
453526 226275 691980
453526 226275 289305
453526 442851 197418
453526 442851 268251
453526 442851 691980
453526 442851 289305
453526 197418 268251
453526 197418 691980
453526 197418 289305
453526 823936 289305
453526 268251 691980
453526 268251 289305
453526 351287 289305
453526 874361 289305
453526 810412 289305
453526 691980 289305
453526 289305 871012
453526 289305 641512
453526 289305 56119
453526 289305 443230
198839 236894 293247
198839 236894 289305
198839 293247 43303
198839 293247 884777
198839 293247 226275
198839 293247 442851
198839 293247 197418
198839 293247 823936
198839 293247 268251
198839 293247 351287
198839 293247 874361
198839 293247 810412
198839 293247 691980
198839 293247 289305
198839 293247 871012
198839 293247 641512
198839 293247 56119
198839 293247 443230
198839 43303 289305
198839 884777 289305
198839 226275 442851
198839 226275 197418
198839 226275 268251
198839 226275 691980
198839 226275 289305
198839 442851 197418
198839 442851 268251
198839 442851 691980
198839 442851 289305
198839 197418 268251
198839 197418 691980
198839 197418 289305
198839 823936 289305
198839 268251 691980
198839 268251 289305
198839 351287 289305
198839 874361 289305
198839 810412 289305
198839 691980 289305
198839 289305 871012
198839 289305 641512
198839 289305 56119
198839 289305 443230
236894 293247 43303
236894 293247 884777
236894 293247 226275
236894 293247 442851
236894 293247 197418
236894 293247 823936
236894 293247 268251
236894 293247 351287
236894 293247 874361
236894 293247 810412
236894 293247 691980
236894 293247 289305
236894 293247 871012
236894 293247 641512
236894 293247 56119
236894 293247 443230
236894 43303 289305
236894 884777 289305
236894 226275 442851
236894 226275 197418
236894 226275 268251
236894 226275 691980
236894 226275 289305
236894 442851 197418
236894 442851 268251
236894 442851 691980
236894 442851 289305
236894 197418 268251
236894 197418 691980
236894 197418 289305
236894 823936 289305
236894 268251 691980
236894 268251 289305
236894 351287 289305
236894 874361 289305
236894 810412 289305
236894 691980 289305
236894 289305 871012
236894 289305 641512
236894 289305 56119
236894 289305 443230
293247 43303 884777
293247 43303 226275
293247 43303 442851
293247 43303 197418
293247 43303 823936
293247 43303 268251
293247 43303 351287
293247 43303 874361
293247 43303 810412
293247 43303 691980
293247 43303 289305
293247 43303 871012
293247 43303 641512
293247 43303 56119
293247 43303 443230
293247 884777 226275
293247 884777 442851
293247 884777 197418
293247 884777 823936
293247 884777 268251
293247 884777 351287
293247 884777 874361
293247 884777 810412
293247 884777 691980
293247 884777 289305
293247 884777 871012
293247 884777 641512
293247 884777 56119
293247 884777 443230
293247 226275 442851
293247 226275 197418
293247 226275 823936
293247 226275 268251
293247 226275 351287
293247 226275 874361
293247 226275 810412
293247 226275 691980
293247 226275 289305
293247 226275 871012
293247 226275 641512
293247 226275 56119
293247 226275 443230
293247 442851 197418
293247 442851 823936
293247 442851 268251
293247 442851 351287
293247 442851 874361
293247 442851 810412
293247 442851 691980
293247 442851 289305
293247 442851 871012
293247 442851 641512
293247 442851 56119
293247 442851 443230
293247 197418 823936
293247 197418 268251
293247 197418 351287
293247 197418 874361
293247 197418 810412
293247 197418 691980
293247 197418 289305
293247 197418 871012
293247 197418 641512
293247 197418 56119
293247 197418 443230
293247 823936 268251
293247 823936 351287
293247 823936 874361
293247 823936 810412
293247 823936 691980
293247 823936 289305
293247 823936 871012
293247 823936 641512
293247 823936 56119
293247 823936 443230
293247 268251 351287
293247 268251 874361
293247 268251 810412
293247 268251 691980
293247 268251 289305
293247 268251 871012
293247 268251 641512
293247 268251 56119
293247 268251 443230
293247 351287 874361
293247 351287 810412
293247 351287 691980
293247 351287 289305
293247 351287 871012
293247 351287 641512
293247 351287 56119
293247 351287 443230
293247 874361 810412
293247 874361 691980
293247 874361 289305
293247 874361 871012
293247 874361 641512
293247 874361 56119
293247 874361 443230
293247 810412 691980
293247 810412 289305
293247 810412 871012
293247 810412 641512
293247 810412 56119
293247 810412 443230
293247 691980 289305
293247 691980 871012
293247 691980 641512
293247 691980 56119
293247 691980 443230
293247 289305 871012
293247 289305 641512
293247 289305 56119
293247 289305 443230
293247 871012 641512
293247 871012 56119
293247 871012 443230
293247 641512 56119
293247 641512 443230
293247 56119 443230
43303 884777 289305
43303 226275 442851
43303 226275 197418
43303 226275 268251
43303 226275 691980
43303 226275 289305
43303 442851 197418
43303 442851 268251
43303 442851 691980
43303 442851 289305
43303 197418 268251
43303 197418 691980
43303 197418 289305
43303 823936 289305
43303 268251 691980
43303 268251 289305
43303 351287 289305
43303 874361 289305
43303 810412 289305
43303 691980 289305
43303 289305 871012
43303 289305 641512
43303 289305 56119
43303 289305 443230
884777 226275 442851
884777 226275 197418
884777 226275 268251
884777 226275 691980
884777 226275 289305
884777 442851 197418
884777 442851 268251
884777 442851 691980
884777 442851 289305
884777 197418 268251
884777 197418 691980
884777 197418 289305
884777 823936 289305
884777 268251 691980
884777 268251 289305
884777 351287 289305
884777 874361 289305
884777 810412 289305
884777 691980 289305
884777 289305 871012
884777 289305 641512
884777 289305 56119
884777 289305 443230
226275 442851 197418
226275 442851 823936
226275 442851 268251
226275 442851 351287
226275 442851 874361
226275 442851 810412
226275 442851 691980
226275 442851 289305
226275 442851 871012
226275 442851 641512
226275 442851 56119
226275 442851 443230
226275 197418 823936
226275 197418 268251
226275 197418 351287
226275 197418 874361
226275 197418 810412
226275 197418 691980
226275 197418 289305
226275 197418 871012
226275 197418 641512
226275 197418 56119
226275 197418 443230
226275 823936 268251
226275 823936 691980
226275 823936 289305
226275 268251 351287
226275 268251 874361
226275 268251 810412
226275 268251 691980
226275 268251 289305
226275 268251 871012
226275 268251 641512
226275 268251 56119
226275 268251 443230
226275 351287 691980
226275 351287 289305
226275 874361 691980
226275 874361 289305
226275 810412 691980
226275 810412 289305
226275 691980 289305
226275 691980 871012
226275 691980 641512
226275 691980 56119
226275 691980 443230
226275 289305 871012
226275 289305 641512
226275 289305 56119
226275 289305 443230
442851 197418 823936
442851 197418 268251
442851 197418 351287
442851 197418 874361
442851 197418 810412
442851 197418 691980
442851 197418 289305
442851 197418 871012
442851 197418 641512
442851 197418 56119
442851 197418 443230
442851 823936 268251
442851 823936 691980
442851 823936 289305
442851 268251 351287
442851 268251 874361
442851 268251 810412
442851 268251 691980
442851 268251 289305
442851 268251 871012
442851 268251 641512
442851 268251 56119
442851 268251 443230
442851 351287 691980
442851 351287 289305
442851 874361 691980
442851 874361 289305
442851 810412 691980
442851 810412 289305
442851 691980 289305
442851 691980 871012
442851 691980 641512
442851 691980 56119
442851 691980 443230
442851 289305 871012
442851 289305 641512
442851 289305 56119
442851 289305 443230
197418 823936 268251
197418 823936 691980
197418 823936 289305
197418 268251 351287
197418 268251 874361
197418 268251 810412
197418 268251 691980
197418 268251 289305
197418 268251 871012
197418 268251 641512
197418 268251 56119
197418 268251 443230
197418 351287 691980
197418 351287 289305
197418 874361 691980
197418 874361 289305
197418 810412 691980
197418 810412 289305
197418 691980 289305
197418 691980 871012
197418 691980 641512
197418 691980 56119
197418 691980 443230
197418 289305 871012
197418 289305 641512
197418 289305 56119
197418 289305 443230
823936 268251 691980
823936 268251 289305
823936 351287 289305
823936 874361 289305
823936 810412 289305
823936 691980 289305
823936 289305 871012
823936 289305 641512
823936 289305 56119
823936 289305 443230
268251 351287 691980
268251 351287 289305
268251 874361 691980
268251 874361 289305
268251 810412 691980
268251 810412 289305
268251 691980 289305
268251 691980 871012
268251 691980 641512
268251 691980 56119
268251 691980 443230
268251 289305 871012
268251 289305 641512
268251 289305 56119
268251 289305 443230
351287 874361 289305
351287 810412 289305
351287 691980 289305
351287 289305 871012
351287 289305 641512
351287 289305 56119
351287 289305 443230
874361 810412 289305
874361 691980 289305
874361 289305 871012
874361 289305 641512
874361 289305 56119
874361 289305 443230
810412 691980 289305
810412 289305 871012
810412 289305 641512
810412 289305 56119
810412 289305 443230
691980 289305 871012
691980 289305 641512
691980 289305 56119
691980 289305 443230
289305 871012 641512
289305 871012 56119
289305 871012 443230
289305 641512 56119
289305 641512 443230
289305 56119 443230
