120142 510518 798453
120142 510518 353529
120142 774426 798453
120142 774426 353529
120142 774426 736509
120142 774426 921822
120142 774426 829833
120142 757211 798453
120142 757211 353529
120142 798453 353529
120142 798453 736509
120142 798453 42847
120142 798453 239491
120142 798453 46907
120142 798453 476941
120142 798453 921822
120142 798453 638947
120142 798453 829833
120142 798453 613283
120142 798453 321508
120142 798453 893084
120142 353529 736509
120142 353529 42847
120142 353529 239491
120142 353529 46907
120142 353529 476941
120142 353529 921822
120142 353529 638947
120142 353529 829833
120142 353529 613283
120142 353529 321508
120142 353529 893084
120142 736509 921822
120142 736509 829833
120142 921822 829833
510518 774426 798453
510518 774426 353529
510518 774426 736509
510518 774426 921822
510518 774426 829833
510518 757211 798453
510518 757211 353529
510518 798453 353529
510518 798453 736509
510518 798453 42847
510518 798453 239491
510518 798453 46907
510518 798453 476941
510518 798453 921822
510518 798453 638947
510518 798453 829833
510518 798453 613283
510518 798453 321508
510518 798453 893084
510518 353529 736509
510518 353529 42847
510518 353529 239491
510518 353529 46907
510518 353529 476941
510518 353529 921822
510518 353529 638947
510518 353529 829833
510518 353529 613283
510518 353529 321508
510518 353529 893084
510518 736509 921822
510518 736509 829833
510518 921822 829833
774426 757211 798453
774426 757211 353529
774426 757211 736509
774426 757211 921822
774426 757211 829833
774426 798453 353529
774426 798453 736509
774426 798453 42847
774426 798453 239491
774426 798453 46907
774426 798453 476941
774426 798453 921822
774426 798453 638947
774426 798453 829833
774426 798453 613283
774426 798453 321508
774426 798453 893084
774426 353529 736509
774426 353529 42847
774426 353529 239491
774426 353529 46907
774426 353529 476941
774426 353529 921822
774426 353529 638947
774426 353529 829833
774426 353529 613283
774426 353529 321508
774426 353529 893084
774426 736509 42847
774426 736509 239491
774426 736509 46907
774426 736509 476941
774426 736509 921822
774426 736509 638947
774426 736509 829833
774426 736509 613283
774426 736509 321508
774426 736509 893084
774426 42847 921822
774426 42847 829833
774426 239491 921822
774426 239491 829833
774426 46907 921822
774426 46907 829833
774426 476941 921822
774426 476941 829833
774426 921822 638947
774426 921822 829833
774426 921822 613283
774426 921822 321508
774426 921822 893084
774426 638947 829833
774426 829833 613283
774426 829833 321508
774426 829833 893084
757211 798453 353529
757211 798453 736509
757211 798453 42847
757211 798453 239491
757211 798453 46907
757211 798453 476941
757211 798453 921822
757211 798453 638947
757211 798453 829833
757211 798453 613283
757211 798453 321508
757211 798453 893084
757211 353529 736509
757211 353529 42847
757211 353529 239491
757211 353529 46907
757211 353529 476941
757211 353529 921822
757211 353529 638947
757211 353529 829833
757211 353529 613283
757211 353529 321508
757211 353529 893084
757211 736509 921822
757211 736509 829833
757211 921822 829833
798453 353529 736509
798453 353529 42847
798453 353529 239491
798453 353529 46907
798453 353529 476941
798453 353529 921822
798453 353529 638947
798453 353529 829833
798453 353529 613283
798453 353529 321508
798453 353529 893084
798453 736509 42847
798453 736509 239491
798453 736509 46907
798453 736509 476941
798453 736509 921822
798453 736509 638947
798453 736509 829833
798453 736509 613283
798453 736509 321508
798453 736509 893084
798453 42847 239491
798453 42847 46907
798453 42847 476941
798453 42847 921822
798453 42847 638947
798453 42847 829833
798453 42847 613283
798453 42847 321508
798453 42847 893084
798453 239491 46907
798453 239491 476941
798453 239491 921822
798453 239491 638947
798453 239491 829833
798453 239491 613283
798453 239491 321508
798453 239491 893084
798453 46907 476941
798453 46907 921822
798453 46907 638947
798453 46907 829833
798453 46907 613283
798453 46907 321508
798453 46907 893084
798453 476941 921822
798453 476941 638947
798453 476941 829833
798453 476941 613283
798453 476941 321508
798453 476941 893084
798453 921822 638947
798453 921822 829833
798453 921822 613283
798453 921822 321508
798453 921822 893084
798453 638947 829833
798453 638947 613283
798453 638947 321508
798453 638947 893084
798453 829833 613283
798453 829833 321508
798453 829833 893084
798453 613283 321508
798453 613283 893084
798453 321508 893084
353529 736509 42847
353529 736509 239491
353529 736509 46907
353529 736509 476941
353529 736509 921822
353529 736509 638947
353529 736509 829833
353529 736509 613283
353529 736509 321508
353529 736509 893084
353529 42847 239491
353529 42847 46907
353529 42847 476941
353529 42847 921822
353529 42847 638947
353529 42847 829833
353529 42847 613283
353529 42847 321508
353529 42847 893084
353529 239491 46907
353529 239491 476941
353529 239491 921822
353529 239491 638947
353529 239491 829833
353529 239491 613283
353529 239491 321508
353529 239491 893084
353529 46907 476941
353529 46907 921822
353529 46907 638947
353529 46907 829833
353529 46907 613283
353529 46907 321508
353529 46907 893084
353529 476941 921822
353529 476941 638947
353529 476941 829833
353529 476941 613283
353529 476941 321508
353529 476941 893084
353529 921822 638947
353529 921822 829833
353529 921822 613283
353529 921822 321508
353529 921822 893084
353529 638947 829833
353529 638947 613283
353529 638947 321508
353529 638947 893084
353529 829833 613283
353529 829833 321508
353529 829833 893084
353529 613283 321508
353529 613283 893084
353529 321508 893084
736509 42847 921822
736509 42847 829833
736509 239491 921822
736509 239491 829833
736509 46907 921822
736509 46907 829833
736509 476941 921822
736509 476941 829833
736509 921822 638947
736509 921822 829833
736509 921822 613283
736509 921822 321508
736509 921822 893084
736509 638947 829833
736509 829833 613283
736509 829833 321508
736509 829833 893084
42847 921822 829833
239491 921822 829833
46907 921822 829833
476941 921822 829833
921822 638947 829833
921822 829833 613283
921822 829833 321508
921822 829833 893084
