770
1 545
2 1496760
1 204
1 326
2 5679528
1 333
1 5
1 629
1 599
1 241
1 581
1 200
1 553
1 153
1 414
2 5576291
1 695
2 8797209
2 9280773
1 144
2 6967199
1 202
1 618
1 417
2 9562194
1 122
2 5964543
1 23
1 279
2 9491876
1 26
1 45
1 753
2 1429132
1 269
1 92
1 260
1 155
2 5749195
2 1298919
2 7102601
2 2864656
1 497
1 532
1 477
1 679
2 9933902
2 5725743
1 330
1 183
2 420840
1 723
1 69
2 4789489
2 2733518
2 9870900
1 425
1 693
2 6136291
1 728
1 700
1 230
2 9725093
2 1596843
2 8902167
2 8938517
1 481
1 375
1 495
2 2818644
1 591
2 8506529
1 277
1 124
1 423
2 7494427
2 303969
2 5095844
2 2735133
2 9045970
1 436
1 185
2 3451302
2 4216909
2 3997867
1 15
1 135
2 7717082
1 687
2 6531338
1 571
2 2316535
2 9274735
1 483
2 9878941
2 8555184
2 6939679
2 753758
2 3979109
2 2822127
2 3362893
2 8425070
1 642
1 166
1 737
1 526
1 203
2 9386590
1 443
2 606819
1 722
2 2386495
1 455
2 2774478
1 393
1 1
1 216
2 4204381
1 564
1 101
2 5474843
1 288
1 2
2 3024852
2 8815974
2 3825376
1 377
2 332524
1 105
1 520
2 1862438
2 3791606
1 337
1 175
2 8171225
2 1839684
2 3251736
1 156
1 744
1 511
1 602
2 2928940
1 729
1 347
1 650
2 6371720
1 211
1 11
1 585
2 2756021
1 60
2 7389302
2 6305921
2 4663054
1 46
2 2196184
1 346
1 295
1 247
2 716280
1 67
1 350
2 5995464
2 7786512
2 267097
1 549
2 2788720
1 698
2 5764220
1 454
2 301792
2 6354895
2 4014315
2 7448879
2 8246387
2 2233956
2 25176
2 1976960
2 4349365
2 6945321
1 280
1 741
2 6469136
2 186348
2 9923143
1 293
2 2815130
1 94
1 653
2 1382108
2 4478042
1 529
2 3249761
2 7046994
2 7589659
2 9356220
1 666
2 2833800
1 500
1 235
2 323631
1 507
1 536
1 112
2 5346578
2 7414899
1 444
1 178
1 187
1 617
1 683
2 610699
2 9447779
1 440
1 380
1 51
1 274
2 3950823
1 209
2 8032582
1 168
1 378
2 4176135
2 6380474
2 269886
2 7854667
1 612
1 296
2 6405806
1 733
2 5801767
1 419
2 6621615
2 3918188
2 8052852
1 341
2 4924384
2 8481437
2 1312790
1 503
1 104
2 4236076
2 154952
1 731
1 212
1 321
2 5609535
1 678
2 9805410
2 209325
2 3502298
2 5676920
2 6970759
1 717
2 163481
1 402
2 858526
2 9553923
2 6650121
2 8655358
1 47
2 8814712
1 691
2 1164368
2 4180618
2 7457841
2 6163562
1 63
1 736
2 2596747
1 662
2 9582033
2 5616265
1 171
1 318
1 70
2 9692224
1 622
1 469
2 3248714
1 195
1 408
1 656
1 509
2 5417767
2 1109879
1 79
1 76
1 219
2 9175298
2 5450035
2 7614198
1 123
1 237
1 336
1 137
1 537
2 282747
1 470
1 177
2 6500707
1 121
1 9
2 8130359
1 770
1 475
1 289
1 18
2 5891834
2 4148280
1 181
2 4997266
1 429
1 575
2 1051155
2 4535763
1 221
1 14
1 35
2 1435069
2 7311157
1 314
1 218
1 7
2 1953178
1 623
1 57
2 6480642
2 4415307
1 332
1 438
2 7916907
1 523
2 442100
1 631
2 5294330
1 657
1 215
1 720
2 2383958
1 467
2 524549
2 5854652
2 9185830
2 9738380
1 758
2 3938647
2 9328795
2 1152772
2 2831823
1 433
2 9079105
1 427
2 7131238
2 6368351
2 474633
2 899055
1 561
1 534
1 28
1 413
1 176
2 6257721
2 5835365
1 506
1 735
2 4282541
1 154
2 6414665
1 456
1 80
2 6407902
2 9772949
2 1920166
1 418
2 5483011
2 2910046
2 5823696
2 8671279
1 89
2 9473079
2 5945504
1 27
1 170
2 6445589
1 319
2 7301920
2 2459139
1 468
1 113
1 446
2 587215
2 6213615
1 357
2 1468992
2 4802976
2 2414815
1 386
2 8766894
2 9282114
1 31
2 5867514
2 9045698
2 3324010
2 389437
1 621
2 5876838
1 415
2 2841279
2 4230795
1 99
2 1494545
2 4870016
2 2558355
2 3385735
2 9439363
2 8624295
1 149
2 2130461
2 1128357
1 730
2 7543991
2 7248633
2 3674083
2 921715
1 412
2 5770754
1 434
1 317
1 703
1 649
1 189
2 1937843
1 751
1 309
2 7683434
1 542
2 1905717
1 61
2 1485988
1 769
2 2487543
1 580
1 193
1 55
2 9175637
1 30
2 385888
1 387
1 716
2 8316768
2 2783749
2 3489171
2 782012
2 8823855
2 7776637
1 138
1 476
2 9358510
2 4801216
2 216371
2 286427
1 747
2 9095905
1 639
2 5826469
1 540
1 148
1 226
2 9495137
2 6864426
1 674
1 58
2 8598748
2 3985589
1 62
1 354
1 605
1 150
1 658
2 2038576
2 6181785
1 255
1 294
2 4416961
1 528
1 409
2 65262
1 42
1 472
2 6904078
2 6269785
2 8529404
1 688
1 660
2 486943
1 349
1 513
1 182
2 1007465
2 9705168
1 108
2 3175458
2 1952727
2 9024275
2 6242280
2 4307575
2 2719244
2 9943747
1 73
1 372
1 206
1 584
2 4281806
2 5988496
2 1731439
1 132
1 68
1 421
1 538
2 4459690
2 4432463
1 52
1 299
2 4014988
1 588
2 2772435
1 198
2 4163634
2 9212697
1 505
1 560
1 48
1 492
2 4897356
1 518
1 714
2 5290267
1 646
2 3182699
2 9469031
2 2039201
2 8520919
2 5365489
2 4191425
1 233
1 161
2 9799161
2 2995550
2 8559837
1 147
2 4051944
2 847481
2 1114168
1 95
1 577
2 6495841
1 445
1 162
2 9813033
2 9244806
1 768
1 66
2 6979097
1 508
2 8840557
1 641
1 765
2 8016407
1 355
2 4301821
1 297
2 4700731
1 694
1 749
2 5354952
1 316
2 4581753
1 608
2 5869809
2 2562377
2 1222533
2 1367727
1 368
2 2128716
1 167
1 478
1 86
2 8754235
1 634
2 7843995
1 636
2 6503400
2 4413902
2 168550
2 4629920
2 4947334
1 499
1 6
1 179
1 604
2 9517265
1 406
2 3163501
1 164
2 1994270
1 304
1 313
2 7177836
2 7358218
1 96
1 103
2 3426228
1 611
2 3626572
1 207
1 37
1 307
2 4330641
1 644
1 245
1 290
1 738
1 361
2 5585264
1 707
1 117
2 4699080
1 129
2 4832132
1 600
1 254
2 7057713
2 3602222
1 750
2 4560412
1 107
1 638
2 6381227
2 5759407
2 2026809
1 589
2 9408686
2 1363322
1 489
2 4153242
1 83
1 473
1 586
1 673
2 1592478
1 291
2 5377013
1 590
2 9592392
1 25
2 7766189
1 248
1 152
2 4109233
2 7787651
1 300
2 9753309
1 4
2 1563926
2 8205004
1 453
1 77
2 4647554
2 6568870
1 671
1 24
1 71
2 305433
2 9884266
2 9611141
1 594
2 7215960
1 74
1 85
2 5933918
1 88
1 424
1 208
1 516
1 743
2 2839055
2 7400347
2 4275372
2 7214245
2 2740536
1 20
2 124985
2 7108251
2 3109446
2 8000154
2 2847824
1 401
1 705
1 485
2 1793341
2 5142297
1 493
2 6878704
1 389
1 645
1 557
1 640
1 391
1 360
2 5497341
2 1986286
2 4006379
2 6735985
2 8725377
2 7263667
1 268
2 1785565
2 9696268
2 2089280
2 6444822
1 474
1 648
2 4835441
2 9191912
2 6230275
1 490
2 3183395
1 551
1 760
2 7800107
2 2358533
1 93
2 7258935
2 1714193
1 252
2 6155026
2 7846612
1 382
1 253
2 3682440
2 9719868
2 119274
2 3169613
2 8063196
1 265
2 9251728
1 756
2 5785979
2 3685053
1 539
2 9426473
2 8135996
2 7744815
1 142
1 342
2 318860
1 704
1 305
1 196
2 6750406
2 5691975
2 9737161
1 227
2 4556046
2 6707458
1 578
1 541
1 199
1 385

