0
 6  3  4  4  6  3  6  4  3  7  6  7  6  5  8  4  8  5  6  4  7  3  3  7  3  4  4  4  6  7  5  8  6  4  3  3  8  6  3  8  8  6  4  3  8  4  8  5  4  5 
 0  1  2  3  4  5  6  7  8  9 10 11 12 13 14 15 16 17 18 19 20 21 22 23 24 25 26 27 28 29 30 31 32 33 34 35 36 37 38 39 40 41 42 43 44 45 46 47 48 49 
 0  0  0  0  0  0  0  0  0  0  0  0  0  0  0  0  0  0  0  0  0  0  0  0  0  0  0  0  0  0  0  0  0  0  0  0  0  0  0  0  0  0  0  0  0  0  0  0  0  0 
 0  0  0  0  0  0  0  0  0  0  0  0  0  0  0  0  0  0  0  0  0  0  0  0  0  0  0  0  0  0  0  0  0  0  0  0  0  0  0  0  0  0  0  0  0  0  0  0  0  0 
 0  0  0  0  0  0  0  0  0  0  0  0  0  0  0  0  0  0  0  0  0  0  0  0  0  0  0  0  0  0  0  0  0  0  0  0  0  0  0  0  0  0  0  0  0  0  0  0  0  0 
 0  0  0  0  0  0  0  0  0  0  0  0  0  0  0  0  0  0  0  0  0  0  0  0  0  0  0  0  0  0  0  0  0  0  0  0  0  0  0  0  0  0  0  0  0  0  0  0  0  0 
 0  0  0  0  0  0  0  0  0  0  0  0  0  0  0  0  0  0  0  0  0  0  0  0  0  0  0  0  0  0  0  0  0  0  0  0  0  0  0  0  0  0  0  0  0  0  0  0  0  0 
 0  0  0  0  0  0  0  0  0  0  0  0  0  0  0  0  0  0  0  0  0  0  0  0  0  0  0  0  0  0  0  0  0  0  0  0  0  0  0  0  0  0  0  0  0  0  0  0  0  0 
 0  0  0  1  0  0  0  0  0  0  0  0  0  0  0  0  0  0  0  0  0  0  0  0  0  0  0  0  0  0  0  0  0  0  0  0  0  0  0  0  0  0  0  0  0  0  0  0  0  1 
 0  0  0  1  0  0  0  0  0  0  0  0  0  0  0  0  0  0  0  2  0  0  0  0  0  0  0  0  0  0  0  0  0  0  0  0  0  0  0  0  0  0  0  0  0  0  0  0  0  1 
 0  0  0  1  0  0  0  0  0  0  0  0  0  0  2  0  0  0  0  2  0  0  0  0  0  0  0  0  0  0  0  0  0  0  0  0  0  0  0  0  0  0  0  0  0  0  0  0  0  1 
 0  0  0  1  0  0  0  0  0  0  0  0  0  0  2  0  0  0  0  2  0  0  0  0  0  0  0  0  0  0  0  0  0  0  0  0  0  0  0  0  0  0  0  0  0  0  0  0  0  1 

1
 6  3  4  4  6  3  6  4  3  7  6  7  6  5  8  4  8  5  6  4  7  3  3  7  3  4  4  4  6  7  5  8  6  4  3  3  8  6  3  8  8  6  4  3  8  4  8  5  4  5 
 0  1  2  3  4  5  6  7  8  9 10 11 12 13 14 15 16 17 18 19 20 21 22 23 24 25 26 27 28 29 30 31 32 33 34 35 36 37 38 39 40 41 42 43 44 45 46 47 48 49 
 0  0  0  0  0  0  0  0  0  0  0  0  0  0  0  0  0  0  0  0  0  0  0  0  0  0  0  0  0  0  0  0  0  0  0  0  0  0  0  0  0  0  0  0  0  0  0  0  0  0 
 0  0  0  0  0  0  0  0  0  0  0  0  0  0  0  0  0  0  0  0  0  0  0  0  0  0  0  0  0  0  0  0  0  0  0  0  0  0  0  0  0  0  0  0  0  0  0  0  0  0 
 0  0  0  0  0  0  0  0  0  0  0  0  0  0  0  0  0  0  0  0  0  0  0  0  0  0  0  0  0  0  0  0  0  0  0  0  0  0  0  0  0  0  0  0  0  0  0  0  0  0 
 0  0  0  0  0  0  0  0  0  0  0  0  0  0  0  0  0  0  0  0  0  0  0  0  0  0  0  0  0  0  0  0  0  0  0  0  0  0  0  0  0  0  0  0  0  0  0  0  0  0 
 0  0  0  0  0  0  0  0  0  0  0  0  0  0  0  0  0  0  0  0  0  0  0  0  0  0  0  0  0  0  0  0  0  0  0  0  0  0  0  0  0  0  0  0  0  0  0  0  0  0 
 0  0  0  0  0  0  0  0  0  0  0  0  0  0  0  0  0  0  0  0  0  0  0  0  0  0  0  0  0  0  0  0  0  0  0  0  0  0  0  0  0  0  0  0  0  0  0  0  0  0 
 0  0  0  2  0  0  0  0  0  0  0  0  0  0  0  0  0  0  0  0  0  0  0  0  0  0  0  0  0  0  0  0  0  0  0  0  0  0  0  0  0  0  0  0  0  0  0  0  0  2 
 0  0  0  2  0  0  0  0  0  0  0  0  0  0  0  0  0  0  0  4  0  0  0  0  0  0  0  0  0  0  0  0  0  0  0  0  0  0  0  0  0  0  0  0  0  0  0  0  0  2 
 0  0  0  2  0  0  0  0  0  0  0  0  0  0  4  0  0  0  0  4  0  0  0  0  0  0  0  0  0  0  0  0  0  0  0  0  0  0  0  0  0  0  0  0  0  0  0  0  0  2 
 0  0  0  2  0  0  0  0  0  0  0  0  0  0  4  0  0  0  0  4  0  0  0  0  0  0  0  0  0  0  0  0  0  0  0  0  0  0  0  0  0  0  0  0  0  0  0  0  0  2 

2
 6  3  4  4  6  3  6  4  3  7  6  7  6  5  8  4  8  5  6  4  7  3  3  7  3  4  4  4  6  7  5  8  6  4  3  3  8  6  3  8  8  6  4  3  8  4  8  5  4  5 
 0  1  2  3  4  5  6  7  8  9 10 11 12 13 14 15 16 17 18 19 20 21 22 23 24 25 26 27 28 29 30 31 32 33 34 35 36 37 38 39 40 41 42 43 44 45 46 47 48 49 
 0  0  0  0  0  0  0  0  0  0  0  0  0  0  0  0  0  0  0  0  0  0  0  0  0  0  0  0  0  0  0  0  0  0  0  0  0  0  0  0  0  0  0  0  0  0  0  0  0  0 
 0  0  0  0  0  0  0  0  0  0  0  0  0  0  0  0  0  0  0  0  0  0  0  0  0  0  0  0  0  0  0  0  0  0  0  0  0  0  0  0  0  0  0  0  0  0  0  0  0  0 
 0  0  0  0  0  0  0  0  0  0  0  0  0  0  0  0  0  0  0  0  0  0  0  0  0  0  0  0  0  0  0  0  0  0  0  0  0  0  0  0  0  0  0  0  0  0  0  0  0  0 
 0  0  0  0  0  0  0  0  0  0  0  0  0  0  0  0  0  0  0  0  0  0  0  0  0  0  0  0  0  0  0  0  0  0  0  0  0  0  0  0  0  0  0  0  0  0  0  0  0  0 
 0  0  0  0  0  0  0  0  0  0  0  0  0  0  0  0  0  0  0  0  0  0  0  0  0  0  0  0  0  0  0  0  0  0  0  0  0  0  0  0  0  0  0  0  0  0  0  0  0  0 
 0  0  0  0  0  0  0  0  0  0  0  0  0  0  0  0  0  0  0  0  0  0  0  0  0  0  0  0  0  0  0  0  0  0  0  0  0  0  0  0  0  0  0  0  0  0  0  0  0  0 
 0  0  0  2  1  0  0  0  0  1  0  0  0  0  0  0  0  0  0  0  0  0  0  0  0  0  0  0  0  0  0  0  0  0  0  0  0  0  0  0  0  0  0  0  0  0  0  0  0  2 
 0  0  0  2  1  0  0  0  0  1  0  0  0  0  0  0  0  0  0  4  0  0  0  0  0  0  0  0  0  0  0  0  0  0  0  0  0  0  0  0  0  0  0  0  0  0  0  0  2  2 
 0  0  0  2  1  0  0  0  0  1  0  0  0  0  4  0  0  0  0  4  0  0  0  0  0  0  0  0  0  0  0  0  0  0  0  0  0  0  2  0  0  0  0  0  0  0  0  0  2  2 
 0  0  0  2  1  0  0  0  0  1  0  0  0  0  4  0  0  0  0  4  0  0  0  0  0  0  0  0  0  0  0  0  0  0  0  0  0  0  2  0  0  0  0  0  0  0  0  0  2  2 

3
 6  3  4  4  6  3  6  4  3  7  6  7  6  5  8  4  8  5  6  4  7  3  3  7  3  4  4  4  6  7  5  8  6  4  3  3  8  6  3  8  8  6  4  3  8  4  8  5  4  5 
 0  1  2  3  4  5  6  7  8  9 10 11 12 13 14 15 16 17 18 19 20 21 22 23 24 25 26 27 28 29 30 31 32 33 34 35 36 37 38 39 40 41 42 43 44 45 46 47 48 49 
 0  0  0  0  0  0  0  0  0  0  0  0  0  0  0  0  0  0  0  0  0  0  0  0  0  0  0  0  0  0  0  0  0  0  0  0  0  0  0  0  0  0  0  0  0  0  0  0  0  0 
 0  0  0  0  0  0  0  0  0  0  0  0  0  0  0  0  0  0  0  0  0  0  0  0  0  0  0  0  0  0  0  0  0  0  0  0  0  0  0  0  0  0  0  0  0  0  0  0  0  0 
 0  0  0  0  0  0  0  0  0  0  0  0  0  0  0  0  0  0  0  0  0  0  0  0  0  0  0  0  0  0  0  0  0  0  0  0  0  0  0  0  0  0  0  0  0  0  0  0  0  0 
 0  0  0  0  0  0  0  0  0  0  0  0  0  0  0  0  0  0  0  0  0  0  0  0  0  0  0  0  0  0  0  0  0  0  0  0  0  0  0  0  0  0  0  0  0  0  0  0  0  0 
 0  0  0  0  1  0  0  0  0  0  1  0  0  0  0  0  0  0  0  0  0  0  0  0  0  0  0  0  0  0  0  0  0  0  0  0  0  0  0  0  0  0  0  0  0  0  0  0  0  0 
 0  0  0  0  1  0  0  0  0  0  1  0  0  0  0  0  0  0  0  0  0  0  0  0  0  2  0  0  0  0  0  0  0  0  0  0  0  0  0  0  0  0  0  0  0  0  0  0  0  0 
 0  0  0  2  2  0  0  0  0  1  1  0  0  0  0  0  0  0  0  0  0  0  0  0  0  2  0  0  0  0  0  0  0  0  0  0  0  0  2  0  0  0  0  0  0  0  0  0  0  2 
 0  0  0  2  2  0  0  0  0  1  1  0  0  0  0  0  0  0  0  4  0  0  0  0  0  2  0  0  0  0  0  0  0  0  0  0  0  0  2  0  0  0  0  0  0  0  0  0  2  2 
 0  0  0  2  1  0  0  0  0  1  0  0  0  0  4  0  0  0  0  4  0  0  0  0  0  0  0  0  0  0  0  0  0  0  0  0  0  0  2  0  0  0  0  0  0  0  0  0  2  2 
 0  0  0  2  1  0  0  0  0  1  0  0  0  0  4  0  0  0  0  4  0  0  0  0  0  0  0  0  0  0  0  0  0  0  0  0  0  0  2  0  0  0  0  0  0  0  0  0  2  2 

4
 6  3  4  4  6  3  6  4  3  7  6  7  6  5  8  4  8  5  6  4  7  3  3  7  3  4  4  4  6  7  5  8  6  4  3  3  8  6  3  8  8  6  4  3  8  4  8  5  4  5 
 0  1  2  3  4  5  6  7  8  9 10 11 12 13 14 15 16 17 18 19 20 21 22 23 24 25 26 27 28 29 30 31 32 33 34 35 36 37 38 39 40 41 42 43 44 45 46 47 48 49 
 0  0  0  0  0  0  0  0  0  0  0  0  0  0  0  0  0  0  0  0  0  0  0  0  0  0  0  0  0  0  0  0  0  0  0  0  0  0  0  0  0  0  0  0  0  0  0  0  0  0 
 0  0  0  0  0  0  0  0  0  0  0  0  0  0  0  0  0  0  0  0  0  0  0  0  0  0  0  0  0  0  0  0  0  0  0  0  0  0  0  0  0  0  0  0  0  0  0  0  0  0 
 0  0  0  0  0  0  0  0  0  0  0  0  0  0  0  0  0  0  0  0  0  0  0  0  0  0  0  0  0  0  0  0  0  0  0  0  0  0  0  0  0  0  0  0  0  0  0  0  0  0 
 0  0  0  0  0  0  0  0  0  0  0  0  0  0  0  0  0  0  0  0  0  0  0  0  0  0  0  0  0  0  0  0  0  0  0  0  0  0  0  0  0  0  0  0  0  0  0  0  0  0 
 0  0  0  0  1  0  0  0  0  0  1  0  0  0  0  0  0  0  0  0  0  0  0  0  0  0  0  0  0  0  0  0  0  0  0  0  0  0  0  0  0  0  0  0  0  0  0  0  0  0 
 0  0  0  0  1  0  0  0  0  0  1  0  0  0  0  0  0  0  0  0  0  0  0  0  0  2  0  0  0  0  0  0  0  0  0  0  0  0  0  0  0  0  0  0  0  0  0  0  0  0 
 0  0  0  3  2  0  0  0  0  2  1  0  0  0  0  0  0  0  0  0  0  0  0  0  0  2  0  0  0  0  0  0  0  0  0  0  0  0  2  0  0  0  0  0  0  0  0  0  0  2 
 0  0  0  3  2  0  0  0  0  2  1  0  0  0  2  0  0  0  0  4  0  0  0  0  0  2  0  0  0  0  0  0  0  0  0  0  0  0  2  0  0  0  0  0  0  0  0  0  2  2 
 0  0  0  3  1  0  0  0  0  2  0  0  0  0  6  0  0  0  0  4  0  0  0  0  0  0  0  0  0  0  0  0  0  0  0  0  0  0  2  0  0  0  0  0  0  0  0  0  4  2 
 0  0  0  3  1  0  0  0  0  2  0  0  0  0  6  0  0  0  0  4  0  0  0  0  0  0  0  0  0  0  0  0  0  0  0  0  0  0  2  0  0  0  0  0  0  0  0  0  4  2 

5
 6  3  4  4  6  3  6  4  3  7  6  7  6  5  8  4  8  5  6  4  7  3  3  7  3  4  4  4  6  7  5  8  6  4  3  3  8  6  3  8  8  6  4  3  8  4  8  5  4  5 
 0  1  2  3  4  5  6  7  8  9 10 11 12 13 14 15 16 17 18 19 20 21 22 23 24 25 26 27 28 29 30 31 32 33 34 35 36 37 38 39 40 41 42 43 44 45 46 47 48 49 
 0  0  0  0  0  0  0  0  0  0  0  0  0  0  0  0  0  0  0  0  0  0  0  0  0  0  0  0  0  0  0  0  0  0  0  0  0  0  0  0  0  0  0  0  0  0  0  0  0  0 
 0  0  0  0  0  0  0  0  0  0  0  0  0  0  0  0  0  0  0  0  0  0  0  0  0  0  0  0  0  0  0  0  0  0  0  0  0  0  0  0  0  0  0  0  0  0  0  0  0  0 
 0  0  0  0  0  0  0  0  0  0  0  0  0  0  0  0  0  0  0  0  0  0  0  0  0  0  0  0  0  0  0  0  0  0  0  0  0  0  0  0  0  0  0  0  0  0  0  0  0  0 
 0  0  0  0  0  0  0  0  0  0  0  0  0  0  0  0  0  0  0  0  0  0  0  0  0  0  0  0  0  0  0  0  0  0  0  0  0  0  0  0  0  0  0  0  0  0  0  0  0  0 
 0  0  0  0  1  0  0  0  0  1  1  0  0  0  0  0  0  0  0  0  0  0  0  0  0  0  0  0  0  0  0  0  0  0  0  0  0  0  0  0  0  0  0  0  1  0  0  0  0  0 
 0  0  0  0  1  0  0  0  0  1  1  2  0  0  0  0  0  0  0  0  0  0  0  0  0  2  0  0  0  0  0  0  0  0  0  0  0  0  0  0  0  0  0  0  1  0  0  0  0  0 
 0  0  0  3  2  0  0  0  0  3  1  2  0  0  0  0  0  0  0  0  0  0  0  0  0  2  0  0  0  0  0  0  0  0  0  0  0  0  2  0  0  0  0  0  1  0  0  0  2  2 
 0  0  0  3  2  0  0  0  0  3  1  2  0  0  2  0  0  0  0  4  0  0  0  0  0  2  0  0  0  0  0  0  0  0  0  0  0  0  2  0  0  0  0  0  1  0  0  0  4  2 
 0  0  0  3  1  0  0  0  0  2  0  0  0  0  6  0  0  0  0  4  0  0  0  0  0  0  0  0  0  0  0  0  0  0  0  0  0  0  2  0  0  0  0  0  0  0  0  0  4  2 
 0  0  0  3  1  0  0  0  0  2  0  0  0  0  6  0  0  0  0  4  0  0  0  0  0  0  0  0  0  0  0  0  0  0  0  0  0  0  2  0  0  0  0  0  0  0  0  0  4  2 

6
 6  3  4  4  6  3  6  4  3  7  6  7  6  5  8  4  8  5  6  4  7  3  3  7  3  4  4  4  6  7  5  8  6  4  3  3  8  6  3  8  8  6  4  3  8  4  8  5  4  5 
 0  1  2  3  4  5  6  7  8  9 10 11 12 13 14 15 16 17 18 19 20 21 22 23 24 25 26 27 28 29 30 31 32 33 34 35 36 37 38 39 40 41 42 43 44 45 46 47 48 49 
 0  0  0  0  0  0  0  0  0  0  0  0  0  0  0  0  0  0  0  0  0  0  0  0  0  0  0  0  0  0  0  0  0  0  0  0  0  0  0  0  0  0  0  0  0  0  0  0  0  0 
 0  0  0  0  0  0  0  0  0  0  0  0  0  0  0  0  0  0  0  0  0  0  0  0  0  0  0  0  0  0  0  0  0  0  0  0  0  0  0  0  0  0  0  0  0  0  0  0  0  0 
 0  0  0  0  1  0  0  0  0  0  1  0  0  0  0  0  0  0  0  0  0  0  0  0  0  0  0  0  0  0  0  0  0  0  0  0  0  0  0  0  0  0  0  0  0  0  0  0  0  0 
 0  0  0  0  1  0  0  0  0  0  1  0  0  0  0  0  0  0  0  0  0  0  0  0  0  0  0  0  0  0  0  0  0  0  0  0  0  0  2  0  0  0  0  0  0  0  0  0  0  0 
 0  0  0  0  2  0  0  0  0  1  2  0  0  0  0  0  0  0  0  0  0  0  0  0  0  2  0  0  0  0  0  0  0  0  0  0  0  0  2  0  0  0  0  0  1  0  0  0  0  0 
 0  0  0  0  2  0  0  0  0  1  2  2  0  0  0  0  0  0  0  0  0  0  0  0  0  4  0  0  0  0  0  0  0  0  0  0  0  0  2  0  0  0  0  0  1  0  0  0  0  0 
 0  0  0  3  2  0  0  0  0  3  1  2  0  0  0  0  0  0  0  0  0  0  0  0  0  2  0  0  0  0  0  0  0  0  0  0  0  0  2  0  0  0  0  0  1  0  0  0  2  2 
 0  0  0  3  2  0  0  0  0  3  1  2  0  0  2  0  0  0  0  4  0  0  0  0  0  2  0  0  0  0  0  0  0  0  0  0  0  0  2  0  0  0  0  0  1  0  0  0  4  2 
 0  0  0  3  1  0  0  0  0  2  0  0  0  0  6  0  0  0  0  4  0  0  0  0  0  0  0  0  0  0  0  0  0  0  0  0  0  0  2  0  0  0  0  0  0  0  0  0  4  2 
 0  0  0  3  1  0  0  0  0  2  0  0  0  0  6  0  0  0  0  4  0  0  0  0  0  0  0  0  0  0  0  0  0  0  0  0  0  0  2  0  0  0  0  0  0  0  0  0  4  2 

7
 6  3  4  4  6  3  6  4  3  7  6  7  6  5  8  4  8  5  6  4  7  3  3  7  3  4  4  4  6  7  5  8  6  4  3  3  8  6  3  8  8  6  4  3  8  4  8  5  4  5 
 0  1  2  3  4  5  6  7  8  9 10 11 12 13 14 15 16 17 18 19 20 21 22 23 24 25 26 27 28 29 30 31 32 33 34 35 36 37 38 39 40 41 42 43 44 45 46 47 48 49 
 0  0  0  0  0  0  0  0  0  0  0  0  0  0  0  0  0  0  0  0  0  0  0  0  0  0  0  0  0  0  0  0  0  0  0  0  0  0  0  0  0  0  0  0  0  0  0  0  0  0 
 0  0  0  0  0  0  0  0  0  0  0  0  0  0  0  0  0  0  0  0  0  0  0  0  0  0  0  0  0  0  0  0  0  0  0  0  0  0  0  0  0  0  0  0  0  0  0  0  0  0 
 0  0  0  0  1  0  0  0  0  0  1  0  0  0  0  0  0  0  0  0  0  0  0  0  0  0  0  0  0  0  0  0  0  0  0  0  0  0  0  0  0  0  0  0  0  0  0  0  0  0 
 0  0  0  0  1  0  0  0  0  0  1  0  0  0  0  0  0  0  0  0  0  0  0  0  0  0  0  0  0  0  0  0  0  0  0  0  0  0  2  0  0  0  0  0  0  0  0  0  0  0 
 0  0  0  0  2  0  0  0  0  1  2  0  0  0  0  0  0  0  0  0  0  0  0  0  0  2  0  0  0  0  0  0  0  0  0  0  0  0  2  0  0  0  0  0  1  0  0  0  0  0 
 0  0  0  0  2  0  0  0  0  1  2  2  0  0  0  0  0  0  0  0  0  0  0  0  0  4  0  0  0  0  0  0  0  0  0  0  0  0  2  0  0  0  0  0  1  0  0  0  0  0 
 0  0  0  3  2  0  0  0  0  3  2  2  0  0  0  0  0  0  0  0  0  0  0  0  0  2  0  0  0  0  0  0  0  0  0  0  0  0  2  0  0  0  0  0  2  0  0  0  2  2 
 0  0  0  3  2  0  0  0  0  3  2  4  0  0  2  0  0  0  0  4  0  0  0  0  0  2  0  0  0  0  0  0  0  0  0  0  0  0  2  0  0  0  0  0  2  0  0  0  4  2 
 0  0  0  3  1  0  0  0  0  2  1  2  0  0  6  0  0  0  0  4  0  0  0  0  0  2  0  0  0  0  0  0  0  0  0  0  0  0  2  0  0  0  0  0  1  0  0  0  4  2 
 0  0  0  3  1  0  0  0  0  2  1  2  0  0  6  0  0  0  0  4  0  0  0  0  0  2  0  0  0  0  0  0  0  0  0  0  0  0  2  0  0  0  0  0  1  0  0  0  4  2 

8
 6  3  4  4  6  3  6  4  3  7  6  7  6  5  8  4  8  5  6  4  7  3  3  7  3  4  4  4  6  7  5  8  6  4  3  3  8  6  3  8  8  6  4  3  8  4  8  5  4  5 
 0  1  2  3  4  5  6  7  8  9 10 11 12 13 14 15 16 17 18 19 20 21 22 23 24 25 26 27 28 29 30 31 32 33 34 35 36 37 38 39 40 41 42 43 44 45 46 47 48 49 
 0  0  0  0  0  0  0  0  0  0  0  0  0  0  0  0  0  0  0  0  0  0  0  0  0  0  0  0  0  0  0  0  0  0  0  0  0  0  0  0  0  0  0  0  0  0  0  0  0  0 
 0  0  0  0  0  0  0  0  0  0  0  0  0  0  0  0  0  0  0  0  0  0  0  0  0  0  0  0  0  0  0  0  0  0  0  0  0  0  0  0  0  0  0  0  0  0  0  0  0  0 
 0  0  0  0  1  0  0  0  0  0  1  0  0  0  0  0  0  0  0  0  0  0  0  0  0  0  0  0  0  0  0  0  0  0  0  0  0  0  0  0  0  0  0  0  0  0  0  0  0  0 
 0  0  0  0  1  0  0  0  0  0  1  0  0  0  0  0  0  0  0  0  0  0  0  0  0  0  0  0  0  0  0  0  0  0  0  0  0  0  2  0  0  0  0  0  0  0  0  0  0  0 
 0  0  0  0  2  0  0  0  0  1  2  0  0  0  0  0  0  0  0  0  0  0  0  0  0  2  0  0  0  0  0  0  0  0  0  0  0  0  2  0  0  0  0  0  1  0  0  0  0  0 
 0  0  0  0  2  0  0  0  0  1  2  2  0  0  0  0  0  0  0  0  0  0  0  0  0  4  0  0  0  0  0  0  0  0  0  0  0  0  2  0  0  0  0  0  1  0  0  0  0  0 
 0  0  0  3  2  0  0  0  0  3  3  2  0  0  0  0  0  0  0  0  0  0  0  0  0  2  0  0  0  0  0  0  0  0  0  0  0  0  2  0  0  0  0  0  3  0  0  0  2  2 
 0  0  0  3  2  0  0  0  0  3  3  6  0  0  2  0  0  0  0  4  0  0  0  0  0  2  0  0  0  0  0  0  0  0  0  0  0  0  2  0  0  0  0  0  3  0  0  0  4  2 
 0  0  0  3  1  0  0  0  0  2  2  4  0  0  6  0  0  0  0  4  0  0  0  0  0  4  0  0  0  0  0  0  0  0  0  0  0  0  2  0  0  0  0  0  2  0  0  0  4  2 
 0  0  0  3  1  0  0  0  0  2  2  4  0  0  6  0  0  0  0  4  0  0  0  0  0  4  0  0  0  0  0  0  0  0  0  0  0  0  2  0  0  0  0  0  2  0  0  0  4  2 

9
 6  3  4  4  6  3  6  4  3  7  6  7  6  5  8  4  8  5  6  4  7  3  3  7  3  4  4  4  6  7  5  8  6  4  3  3  8  6  3  8  8  6  4  3  8  4  8  5  4  5 
 0  1  2  3  4  5  6  7  8  9 10 11 12 13 14 15 16 17 18 19 20 21 22 23 24 25 26 27 28 29 30 31 32 33 34 35 36 37 38 39 40 41 42 43 44 45 46 47 48 49 
 0  0  0  0  0  0  0  0  0  0  0  0  0  0  0  0  0  0  0  0  0  0  0  0  0  0  0  0  0  0  0  0  0  0  0  0  0  0  0  0  0  0  0  0  0  0  0  0  0  0 
 0  0  0  0  0  0  0  0  0  0  0  0  0  0  0  0  0  0  0  0  0  0  0  0  0  0  0  0  0  0  0  0  0  0  0  0  0  0  0  0  0  0  0  0  0  0  0  0  0  0 
 0  0  0  0  1  0  0  0  0  0  1  0  0  0  0  0  0  0  0  0  0  0  0  0  0  0  0  0  0  0  0  0  0  0  0  0  0  0  0  0  0  0  0  0  0  0  0  0  0  0 
 0  0  0  0  1  0  0  0  0  0  1  0  0  0  0  0  0  0  0  0  0  0  0  0  0  0  0  0  0  0  0  0  0  0  0  0  0  0  2  0  0  0  0  0  0  0  0  0  0  0 
 0  0  0  0  2  0  0  0  0  1  2  0  0  0  0  0  0  0  0  0  0  0  0  0  0  2  0  0  0  0  0  0  0  0  0  0  0  0  2  0  0  0  0  0  1  0  0  0  0  0 
 0  0  0  0  2  0  0  0  0  1  2  2  0  0  0  0  0  0  0  0  0  0  0  0  0  4  0  0  0  0  0  0  0  0  0  0  0  0  2  0  0  0  0  0  1  0  0  0  0  0 
 0  0  0  4  2  0  0  0  0  3  3  2  0  0  0  0  0  0  0  0  0  0  0  0  0  2  0  0  0  0  0  0  0  0  0  0  0  0  2  1  0  0  0  0  3  0  0  0  2  2 
 0  0  0  4  2  0  0  0  0  3  3  6  0  0  4  0  0  0  0  4  0  0  0  0  0  2  0  0  0  0  0  0  0  0  0  0  0  0  2  1  0  0  0  0  3  0  0  0  4  2 
 0  0  0  4  1  0  0  0  0  2  2  4  0  0  8  0  0  0  0  4  0  0  0  0  0  4  0  2  0  0  0  0  0  0  0  0  0  0  2  1  0  0  0  0  2  0  0  0  4  2 
 0  0  0  4  1  0  0  0  0  2  2  4  0  0  8  0  0  0  0  4  0  0  0  0  0  4  0  2  0  0  0  0  0  0  0  0  0  0  2  1  0  0  0  0  2  0  0  0  4  2 

10
 6  3  4  4  6  3  6  4  3  7  6  7  6  5  8  4  8  5  6  4  7  3  3  7  3  4  4  4  6  7  5  8  6  4  3  3  8  6  3  8  8  6  4  3  8  4  8  5  4  5 
 0  1  2  3  4  5  6  7  8  9 10 11 12 13 14 15 16 17 18 19 20 21 22 23 24 25 26 27 28 29 30 31 32 33 34 35 36 37 38 39 40 41 42 43 44 45 46 47 48 49 
 0  0  0  0  0  0  0  0  0  0  0  0  0  0  0  0  0  0  0  0  0  0  0  0  0  0  0  0  0  0  0  0  0  0  0  0  0  0  0  0  0  0  0  0  0  0  0  0  0  0 
 0  0  0  0  0  0  0  0  0  0  0  0  0  0  0  0  0  0  0  0  0  0  0  0  0  0  0  0  0  0  0  0  0  0  0  0  0  0  0  0  0  0  0  0  0  0  0  0  0  0 
 0  0  0  0  1  0  0  0  0  0  1  0  0  0  0  0  0  0  0  0  0  0  0  0  0  0  0  0  0  0  0  0  0  0  0  0  0  0  0  0  0  0  0  0  0  0  0  0  0  0 
 0  0  0  0  1  0  0  0  0  1  1  0  0  0  0  0  0  0  0  0  0  0  0  0  0  0  0  0  0  0  0  0  0  0  0  0  0  0  2  1  0  0  0  0  0  0  0  0  0  0 
 0  0  0  0  2  0  0  0  0  2  2  0  0  0  0  0  0  0  0  0  0  0  0  0  0  2  0  0  0  0  0  0  0  0  0  0  0  0  2  1  0  0  0  0  1  0  0  0  2  0 
 0  0  0  0  2  0  0  0  0  2  2  2  0  0  0  0  0  0  0  0  0  0  0  0  0  4  0  2  0  0  0  0  0  0  0  0  0  0  2  1  0  0  0  0  1  0  0  0  2  0 
 0  0  0  4  2  0  0  0  0  4  3  2  0  0  0  0  0  0  0  0  0  0  0  0  0  2  0  2  0  0  0  0  0  0  0  0  0  0  2  2  0  0  0  0  3  0  0  0  4  2 
 0  0  0  4  2  0  0  0  0  3  3  6  0  0  4  0  0  0  0  4  0  0  0  0  0  2  0  0  0  0  0  0  0  0  0  0  0  0  2  1  0  0  0  0  3  0  0  0  4  2 
 0  0  0  4  1  0  0  0  0  2  2  4  0  0  8  0  0  0  0  4  0  0  0  0  0  4  0  2  0  0  0  0  0  0  0  0  0  0  2  1  0  0  0  0  2  0  0  0  4  2 
 0  0  0  4  1  0  0  0  0  2  2  4  0  0  8  0  0  0  0  4  0  0  0  0  0  4  0  2  0  0  0  0  0  0  0  0  0  0  2  1  0  0  0  0  2  0  0  0  4  2 

11
 6  3  4  4  6  3  6  4  3  7  6  7  6  5  8  4  8  5  6  4  7  3  3  7  3  4  4  4  6  7  5  8  6  4  3  3  8  6  3  8  8  6  4  3  8  4  8  5  4  5 
 0  1  2  3  4  5  6  7  8  9 10 11 12 13 14 15 16 17 18 19 20 21 22 23 24 25 26 27 28 29 30 31 32 33 34 35 36 37 38 39 40 41 42 43 44 45 46 47 48 49 
 0  0  0  0  0  0  0  0  0  0  0  0  0  0  0  0  0  0  0  0  0  0  0  0  0  0  0  0  0  0  0  0  0  0  0  0  0  0  0  0  0  0  0  0  0  0  0  0  0  0 
 0  0  0  0  0  0  0  0  0  0  0  0  0  0  0  0  0  0  0  0  0  0  0  0  0  0  0  0  0  0  0  0  0  0  0  0  0  0  0  0  0  0  0  0  0  0  0  0  0  0 
 0  0  0  0  1  0  0  0  0  1  1  0  0  0  0  0  0  0  0  0  0  0  0  0  0  0  0  0  0  0  0  0  0  0  0  0  0  0  0  0  0  0  0  0  1  0  0  0  0  0 
 0  0  0  0  1  0  0  0  0  2  1  0  0  0  0  0  0  0  0  0  0  0  0  0  0  0  0  0  0  0  0  0  0  0  0  0  0  0  2  1  0  0  0  0  1  0  0  0  2  0 
 0  0  0  0  2  0  0  0  0  3  2  2  0  0  0  0  0  0  0  0  0  0  0  0  0  2  0  0  0  0  0  0  0  0  0  0  0  0  2  1  0  0  0  0  2  0  0  0  4  0 
 0  0  0  0  2  0  0  0  0  3  2  4  0  0  0  0  0  0  0  0  0  0  0  0  0  4  0  2  0  0  0  0  0  0  0  0  0  0  2  1  0  0  0  0  2  0  0  0  4  0 
 0  0  0  4  2  0  0  0  0  4  3  2  0  0  0  0  0  0  0  0  0  0  0  0  0  2  0  2  0  0  0  0  0  0  0  0  0  0  2  2  0  0  0  0  3  0  0  0  4  2 
 0  0  0  4  2  0  0  0  0  3  3  6  0  0  4  0  0  0  0  4  0  0  0  0  0  2  0  0  0  0  0  0  0  0  0  0  0  0  2  1  0  0  0  0  3  0  0  0  4  2 
 0  0  0  4  1  0  0  0  0  2  2  4  0  0  8  0  0  0  0  4  0  0  0  0  0  4  0  2  0  0  0  0  0  0  0  0  0  0  2  1  0  0  0  0  2  0  0  0  4  2 
 0  0  0  4  1  0  0  0  0  2  2  4  0  0  8  0  0  0  0  4  0  0  0  0  0  4  0  2  0  0  0  0  0  0  0  0  0  0  2  1  0  0  0  0  2  0  0  0  4  2 

12
 6  3  4  4  6  3  6  4  3  7  6  7  6  5  8  4  8  5  6  4  7  3  3  7  3  4  4  4  6  7  5  8  6  4  3  3  8  6  3  8  8  6  4  3  8  4  8  5  4  5 
 0  1  2  3  4  5  6  7  8  9 10 11 12 13 14 15 16 17 18 19 20 21 22 23 24 25 26 27 28 29 30 31 32 33 34 35 36 37 38 39 40 41 42 43 44 45 46 47 48 49 
 0  0  0  0  0  0  0  0  0  0  0  0  0  0  0  0  0  0  0  0  0  0  0  0  0  0  0  0  0  0  0  0  0  0  0  0  0  0  0  0  0  0  0  0  0  0  0  0  0  0 
 0  0  0  0  0  0  0  0  0  0  0  0  0  0  0  0  0  0  0  0  0  0  0  0  0  0  0  0  0  0  0  0  0  0  0  0  0  0  0  0  0  0  0  0  0  0  0  0  0  0 
 0  0  0  1  1  0  0  0  0  1  1  0  0  0  0  0  0  0  0  0  0  0  0  0  0  0  0  0  0  0  0  0  0  0  0  0  0  0  0  0  0  0  0  0  1  0  0  0  0  1 
 0  0  0  1  1  0  0  0  0  2  1  0  0  0  2  0  0  0  0  0  0  0  0  0  0  0  0  0  0  0  0  0  0  0  0  0  0  0  2  1  0  0  0  0  1  0  0  0  2  1 
 0  0  0  1  2  0  0  0  0  3  2  2  0  0  2  0  0  0  0  2  0  0  0  0  0  2  0  0  0  0  0  0  0  0  0  0  0  0  2  1  0  0  0  0  2  0  0  0  4  1 
 0  0  0  1  2  0  0  0  0  3  2  4  0  0  2  0  0  0  0  2  0  0  0  0  0  4  0  2  0  0  0  0  0  0  0  0  0  0  2  1  0  0  0  0  2  0  0  0  4  1 
 0  0  0  4  2  0  0  0  0  4  3  2  0  0  0  0  0  0  0  0  0  0  0  0  0  2  0  2  0  0  0  0  0  0  0  0  0  0  2  2  0  0  0  0  3  0  0  0  4  2 
 0  0  0  4  2  0  0  0  0  3  3  6  0  0  4  0  0  0  0  4  0  0  0  0  0  2  0  0  0  0  0  0  0  0  0  0  0  0  2  1  0  0  0  0  3  0  0  0  4  2 
 0  0  0  4  1  0  0  0  0  2  2  4  0  0  8  0  0  0  0  4  0  0  0  0  0  4  0  2  0  0  0  0  0  0  0  0  0  0  2  1  0  0  0  0  2  0  0  0  4  2 
 0  0  0  4  1  0  0  0  0  2  2  4  0  0  8  0  0  0  0  4  0  0  0  0  0  4  0  2  0  0  0  0  0  0  0  0  0  0  2  1  0  0  0  0  2  0  0  0  4  2 

13
 6  3  4  4  6  3  6  4  3  7  6  7  6  5  8  4  8  5  6  4  7  3  3  7  3  4  4  4  6  7  5  8  6  4  3  3  8  6  3  8  8  6  4  3  8  4  8  5  4  5 
 0  1  2  3  4  5  6  7  8  9 10 11 12 13 14 15 16 17 18 19 20 21 22 23 24 25 26 27 28 29 30 31 32 33 34 35 36 37 38 39 40 41 42 43 44 45 46 47 48 49 
 0  0  0  0  0  0  0  0  0  0  0  0  0  0  0  0  0  0  0  0  0  0  0  0  0  0  0  0  0  0  0  0  0  0  0  0  0  0  0  0  0  0  0  0  0  0  0  0  0  0 
 0  0  0  0  0  0  0  0  0  0  0  0  0  0  0  0  0  0  0  0  0  0  0  0  0  0  0  0  0  0  0  0  0  0  0  0  0  0  0  0  0  0  0  0  0  0  0  0  0  0 
 0  0  0  1  1  0  0  0  0  1  1  0  0  0  0  0  0  0  0  0  0  0  0  0  0  0  0  0  0  0  0  0  0  0  0  0  0  0  0  0  0  0  0  0  1  0  0  0  0  1 
 0  0  0  1  1  0  0  0  0  2  1  0  0  0  2  0  0  0  0  0  0  0  0  0  0  0  0  0  0  0  0  0  0  0  0  0  0  0  2  2  0  0  0  0  1  0  0  0  2  2 
 0  0  0  1  2  0  0  0  0  3  2  2  0  0  2  0  0  0  0  2  0  0  0  0  0  2  0  2  0  0  0  0  0  0  0  0  0  0  2  2  0  0  0  0  2  0  0  0  4  2 
 0  0  0  1  2  0  0  0  0  3  2  4  0  0  2  0  0  0  0  4  0  0  0  0  0  4  0  4  0  0  0  0  0  0  0  0  0  0  2  2  0  0  0  0  2  0  0  0  4  2 
 0  0  0  4  2  0  0  0  0  4  3  2  0  0  0  0  0  0  0  2  0  0  0  0  0  2  0  4  0  0  0  0  0  0  0  0  0  0  2  3  0  0  0  0  3  0  0  0  4  3 
 0  0  0  4  2  0  0  0  0  3  3  6  0  0  4  0  0  0  0  4  0  0  0  0  0  2  0  0  0  0  0  0  0  0  0  0  0  0  2  1  0  0  0  0  3  0  0  0  4  2 
 0  0  0  4  1  0  0  0  0  2  2  4  0  0  8  0  0  0  0  4  0  0  0  0  0  4  0  2  0  0  0  0  0  0  0  0  0  0  2  1  0  0  0  0  2  0  0  0  4  2 
 0  0  0  4  1  0  0  0  0  2  2  4  0  0  8  0  0  0  0  4  0  0  0  0  0  4  0  2  0  0  0  0  0  0  0  0  0  0  2  1  0  0  0  0  2  0  0  0  4  2 

14
 6  3  4  4  6  3  6  4  3  7  6  7  6  5  8  4  8  5  6  4  7  3  3  7  3  4  4  4  6  7  5  8  6  4  3  3  8  6  3  8  8  6  4  3  8  4  8  5  4  5 
 0  1  2  3  4  5  6  7  8  9 10 11 12 13 14 15 16 17 18 19 20 21 22 23 24 25 26 27 28 29 30 31 32 33 34 35 36 37 38 39 40 41 42 43 44 45 46 47 48 49 
 0  0  0  0  0  0  0  0  0  0  0  0  0  0  0  0  0  0  0  0  0  0  0  0  0  0  0  0  0  0  0  0  0  0  0  0  0  0  0  0  0  0  0  0  0  0  0  0  0  0 
 0  0  0  0  0  0  0  0  0  0  0  0  0  0  0  0  0  0  0  0  0  0  0  0  0  0  0  0  0  0  0  0  0  0  0  0  0  0  0  1  0  0  0  0  0  0  0  0  0  1 
 0  0  0  1  1  0  0  0  0  1  1  0  0  0  0  0  0  0  0  0  0  0  0  0  0  0  0  2  0  0  0  0  0  0  0  0  0  0  0  1  0  0  0  0  1  0  0  0  0  2 
 0  0  0  1  1  0  0  0  0  2  1  0  0  0  2  0  0  0  0  2  0  0  0  0  0  0  0  2  0  0  0  0  0  0  0  0  0  0  2  3  0  0  0  0  1  0  0  0  2  3 
 0  0  0  1  2  0  0  0  0  3  2  2  0  0  2  0  0  0  0  4  0  0  0  0  0  2  0  4  0  0  0  0  0  0  0  0  0  0  2  3  0  0  0  0  2  0  0  0  4  3 
 0  0  0  1  2  0  0  0  0  3  2  4  0  0  2  0  0  0  0  4  0  0  0  0  0  4  0  4  0  0  0  0  0  0  0  0  0  0  2  2  0  0  0  0  2  0  0  0  4  2 
 0  0  0  4  2  0  0  0  0  4  3  2  0  0  0  0  0  0  0  2  0  0  0  0  0  2  0  4  0  0  0  0  0  0  0  0  0  0  2  3  0  0  0  0  3  0  0  0  4  3 
 0  0  0  4  2  0  0  0  0  3  3  6  0  0  4  0  0  0  0  4  0  0  0  0  0  2  0  0  0  0  0  0  0  0  0  0  0  0  2  1  0  0  0  0  3  0  0  0  4  2 
 0  0  0  4  1  0  0  0  0  2  2  4  0  0  8  0  0  0  0  4  0  0  0  0  0  4  0  2  0  0  0  0  0  0  0  0  0  0  2  1  0  0  0  0  2  0  0  0  4  2 
 0  0  0  4  1  0  0  0  0  2  2  4  0  0  8  0  0  0  0  4  0  0  0  0  0  4  0  2  0  0  0  0  0  0  0  0  0  0  2  1  0  0  0  0  2  0  0  0  4  2 

15
 6  3  4  4  6  3  6  4  3  7  6  7  6  5  8  4  8  5  6  4  7  3  3  7  3  4  4  4  6  7  5  8  6  4  3  3  8  6  3  8  8  6  4  3  8  4  8  5  4  5 
 0  1  2  3  4  5  6  7  8  9 10 11 12 13 14 15 16 17 18 19 20 21 22 23 24 25 26 27 28 29 30 31 32 33 34 35 36 37 38 39 40 41 42 43 44 45 46 47 48 49 
 0  0  0  0  0  0  0  0  0  0  0  0  0  0  0  0  0  0  0  0  0  0  0  0  0  0  0  0  0  0  0  0  0  0  0  0  0  0  0  1  0  0  0  0  0  0  0  0  0  1 
 0  0  0  0  0  0  0  0  0  0  0  0  0  0  0  0  0  0  0  0  0  0  0  0  0  0  0  2  0  0  0  0  0  0  0  0  0  0  0  2  0  0  0  0  0  0  0  0  0  2 
 0  0  0  1  1  0  0  0  0  1  1  0  0  0  0  0  0  0  0  2  0  0  0  0  0  0  0  4  0  0  0  0  0  0  0  0  0  0  0  2  0  0  0  0  1  0  0  0  0  3 
 0  0  0  1  1  0  0  0  0  2  1  0  0  0  2  0  0  0  0  4  0  0  0  0  0  0  0  4  0  0  0  0  0  0  0  0  0  0  2  4  0  0  0  0  1  0  0  0  2  4 
 0  0  0  1  2  0  0  0  0  3  2  2  0  0  2  0  0  0  0  4  0  0  0  0  0  2  0  4  0  0  0  0  0  0  0  0  0  0  2  3  0  0  0  0  2  0  0  0  4  3 
 0  0  0  1  2  0  0  0  0  3  2  4  0  0  2  0  0  0  0  4  0  0  0  0  0  4  0  4  0  0  0  0  0  0  0  0  0  0  2  2  0  0  0  0  2  0  0  0  4  2 
 0  0  0  4  2  0  0  0  0  4  3  2  0  0  0  0  0  0  0  2  0  0  0  0  0  2  0  4  0  0  0  0  0  0  0  0  0  0  2  3  0  0  0  0  3  0  0  0  4  3 
 0  0  0  4  2  0  0  0  0  3  3  6  0  0  4  0  0  0  0  4  0  0  0  0  0  2  0  0  0  0  0  0  0  0  0  0  0  0  2  1  0  0  0  0  3  0  0  0  4  2 
 0  0  0  4  1  0  0  0  0  2  2  4  0  0  8  0  0  0  0  4  0  0  0  0  0  4  0  2  0  0  0  0  0  0  0  0  0  0  2  1  0  0  0  0  2  0  0  0  4  2 
 0  0  0  4  1  0  0  0  0  2  2  4  0  0  8  0  0  0  0  4  0  0  0  0  0  4  0  2  0  0  0  0  0  0  0  0  0  0  2  1  0  0  0  0  2  0  0  0  4  2 

16
 6  3  4  4  6  3  6  4  3  7  6  7  6  5  8  4  8  5  6  4  7  3  3  7  3  4  4  4  6  7  5  8  6  4  3  3  8  6  3  8  8  6  4  3  8  4  8  5  4  5 
 0  1  2  3  4  5  6  7  8  9 10 11 12 13 14 15 16 17 18 19 20 21 22 23 24 25 26 27 28 29 30 31 32 33 34 35 36 37 38 39 40 41 42 43 44 45 46 47 48 49 
 0  0  0  0  0  0  0  0  0  1  0  0  0  0  0  0  0  0  0  0  0  0  0  0  0  0  0  0  0  0  0  0  0  0  1  0  0  0  0  1  0  0  0  0  0  0  0  0  0  1 
 0  0  0  0  0  0  0  0  0  1  0  0  0  0  2  0  0  0  0  0  0  0  0  0  0  0  0  2  0  0  0  0  0  0  1  0  0  0  0  2  0  0  0  0  0  0  0  0  0  2 
 0  0  0  3  1  0  0  0  0  2  1  0  0  0  2  0  0  0  0  2  0  0  0  0  0  0  0  4  0  0  0  0  0  0  1  0  0  0  0  2  0  0  0  0  1  0  0  0  2  3 
 0  0  0  3  1  0  0  0  0  3  1  0  0  0  4  0  0  0  0  4  0  0  0  0  0  0  0  4  0  0  0  0  0  0  1  0  0  0  2  4  0  0  0  0  1  0  0  0  4  4 
 0  0  0  1  2  0  0  0  0  3  2  2  0  0  2  0  0  0  0  4  0  0  0  0  0  2  0  4  0  0  0  0  0  0  0  0  0  0  2  3  0  0  0  0  2  0  0  0  4  3 
 0  0  0  1  2  0  0  0  0  3  2  4  0  0  2  0  0  0  0  4  0  0  0  0  0  4  0  4  0  0  0  0  0  0  0  0  0  0  2  2  0  0  0  0  2  0  0  0  4  2 
 0  0  0  4  2  0  0  0  0  4  3  2  0  0  0  0  0  0  0  2  0  0  0  0  0  2  0  4  0  0  0  0  0  0  0  0  0  0  2  3  0  0  0  0  3  0  0  0  4  3 
 0  0  0  4  2  0  0  0  0  3  3  6  0  0  4  0  0  0  0  4  0  0  0  0  0  2  0  0  0  0  0  0  0  0  0  0  0  0  2  1  0  0  0  0  3  0  0  0  4  2 
 0  0  0  4  1  0  0  0  0  2  2  4  0  0  8  0  0  0  0  4  0  0  0  0  0  4  0  2  0  0  0  0  0  0  0  0  0  0  2  1  0  0  0  0  2  0  0  0  4  2 
 0  0  0  4  1  0  0  0  0  2  2  4  0  0  8  0  0  0  0  4  0  0  0  0  0  4  0  2  0  0  0  0  0  0  0  0  0  0  2  1  0  0  0  0  2  0  0  0  4  2 

17
 6  3  4  4  6  3  6  4  3  7  6  7  6  5  8  4  8  5  6  4  7  3  3  7  3  4  4  4  6  7  5  8  6  4  3  3  8  6  3  8  8  6  4  3  8  4  8  5  4  5 
 0  1  2  3  4  5  6  7  8  9 10 11 12 13 14 15 16 17 18 19 20 21 22 23 24 25 26 27 28 29 30 31 32 33 34 35 36 37 38 39 40 41 42 43 44 45 46 47 48 49 
 0  0  0  0  0  0  0  0  0  1  0  0  0  0  0  0  0  0  0  0  0  0  0  0  0  0  0  0  0  0  0  0  0  0  1  0  0  0  0  1  0  0  0  0  0  0  0  0  0  1 
 0  0  0  1  0  0  0  0  0  1  1  0  0  0  2  0  0  0  0  0  0  0  0  0  0  0  0  2  0  0  0  0  0  0  1  0  0  0  0  2  0  0  0  0  0  0  0  0  0  2 
 0  0  0  4  1  0  0  0  0  2  2  0  0  0  2  0  0  0  0  2  0  0  0  0  0  0  0  4  0  0  0  0  0  0  1  0  0  0  0  2  2  0  0  0  1  0  0  0  2  3 
 0  0  0  4  1  0  0  0  0  3  2  0  0  0  6  0  0  0  0  4  0  0  0  0  0  2  0  4  0  0  0  0  0  0  1  0  0  0  2  4  2  0  0  0  1  0  0  0  4  4 
 0  0  0  2  2  0  0  0  0  3  3  2  0  0  4  0  0  0  0  4  0  0  0  0  0  4  0  4  0  0  0  0  0  0  0  0  0  0  2  3  2  0  0  0  2  0  0  0  4  3 
 0  0  0  1  2  0  0  0  0  3  2  4  0  0  2  0  0  0  0  4  0  0  0  0  0  4  0  4  0  0  0  0  0  0  0  0  0  0  2  2  0  0  0  0  2  0  0  0  4  2 
 0  0  0  4  2  0  0  0  0  4  3  2  0  0  0  0  0  0  0  2  0  0  0  0  0  2  0  4  0  0  0  0  0  0  0  0  0  0  2  3  0  0  0  0  3  0  0  0  4  3 
 0  0  0  4  2  0  0  0  0  3  3  6  0  0  4  0  0  0  0  4  0  0  0  0  0  2  0  0  0  0  0  0  0  0  0  0  0  0  2  1  0  0  0  0  3  0  0  0  4  2 
 0  0  0  4  1  0  0  0  0  2  2  4  0  0  8  0  0  0  0  4  0  0  0  0  0  4  0  2  0  0  0  0  0  0  0  0  0  0  2  1  0  0  0  0  2  0  0  0  4  2 
 0  0  0  4  1  0  0  0  0  2  2  4  0  0  8  0  0  0  0  4  0  0  0  0  0  4  0  2  0  0  0  0  0  0  0  0  0  0  2  1  0  0  0  0  2  0  0  0  4  2 

18
 6  3  4  4  6  3  6  4  3  7  6  7  6  5  8  4  8  5  6  4  7  3  3  7  3  4  4  4  6  7  5  8  6  4  3  3  8  6  3  8  8  6  4  3  8  4  8  5  4  5 
 0  1  2  3  4  5  6  7  8  9 10 11 12 13 14 15 16 17 18 19 20 21 22 23 24 25 26 27 28 29 30 31 32 33 34 35 36 37 38 39 40 41 42 43 44 45 46 47 48 49 
 0  0  0  0  0  0  1  0  0  1  1  0  0  0  0  0  0  0  0  0  0  0  0  0  0  0  0  0  0  0  0  0  0  0  1  0  0  0  0  1  0  0  0  0  0  0  0  0  0  1 
 0  0  0  1  0  0  1  0  0  1  2  2  0  0  2  0  0  0  0  0  0  0  0  0  0  0  0  2  0  0  0  0  0  0  1  0  0  0  0  2  0  0  0  0  0  0  0  0  0  2 
 0  0  0  4  1  0  1  0  0  2  3  2  0  0  2  0  0  0  0  2  0  0  0  0  0  2  0  4  0  0  0  0  0  0  1  0  0  0  0  2  2  0  0  0  3  0  0  0  2  3 
 0  0  0  4  1  0  1  0  0  3  3  2  0  0  6  0  0  0  0  4  0  0  0  0  0  4  0  4  0  0  0  0  0  0  1  0  0  0  2  4  2  0  0  0  3  0  0  0  4  4 
 0  0  0  2  2  0  0  0  0  3  3  2  0  0  4  0  0  0  0  4  0  0  0  0  0  4  0  4  0  0  0  0  0  0  0  0  0  0  2  3  2  0  0  0  2  0  0  0  4  3 
 0  0  0  1  2  0  0  0  0  3  2  4  0  0  2  0  0  0  0  4  0  0  0  0  0  4  0  4  0  0  0  0  0  0  0  0  0  0  2  2  0  0  0  0  2  0  0  0  4  2 
 0  0  0  4  2  0  0  0  0  4  3  2  0  0  0  0  0  0  0  2  0  0  0  0  0  2  0  4  0  0  0  0  0  0  0  0  0  0  2  3  0  0  0  0  3  0  0  0  4  3 
 0  0  0  4  2  0  0  0  0  3  3  6  0  0  4  0  0  0  0  4  0  0  0  0  0  2  0  0  0  0  0  0  0  0  0  0  0  0  2  1  0  0  0  0  3  0  0  0  4  2 
 0  0  0  4  1  0  0  0  0  2  2  4  0  0  8  0  0  0  0  4  0  0  0  0  0  4  0  2  0  0  0  0  0  0  0  0  0  0  2  1  0  0  0  0  2  0  0  0  4  2 
 0  0  0  4  1  0  0  0  0  2  2  4  0  0  8  0  0  0  0  4  0  0  0  0  0  4  0  2  0  0  0  0  0  0  0  0  0  0  2  1  0  0  0  0  2  0  0  0  4  2 

19
 6  3  4  4  6  3  6  4  3  7  6  7  6  5  8  4  8  5  6  4  7  3  3  7  3  4  4  4  6  7  5  8  6  4  3  3  8  6  3  8  8  6  4  3  8  4  8  5  4  5 
 0  1  2  3  4  5  6  7  8  9 10 11 12 13 14 15 16 17 18 19 20 21 22 23 24 25 26 27 28 29 30 31 32 33 34 35 36 37 38 39 40 41 42 43 44 45 46 47 48 49 
 0  0  0  0  0  0  1  0  0  1  1  0  0  0  0  0  0  0  0  0  0  0  0  0  0  0  0  0  0  0  0  0  0  0  1  0  0  0  0  1  0  0  0  0  0  0  0  0  0  1 
 0  0  0  1  0  0  1  0  0  1  2  2  0  0  2  0  0  0  0  0  0  0  0  0  0  0  0  2  0  0  0  0  0  0  1  0  0  0  0  2  0  0  0  0  0  0  0  0  0  2 
 0  0  0  4  1  0  1  0  0  2  3  2  0  0  2  0  0  0  0  2  0  0  0  0  0  2  0  4  0  0  0  0  0  0  1  0  0  0  0  2  2  0  0  0  3  0  0  0  2  3 
 0  0  0  4  1  0  1  0  0  3  3  2  0  0  6  0  0  0  0  4  0  0  0  0  0  4  0  4  0  0  0  0  0  0  1  0  0  0  2  4  2  0  0  0  3  0  0  0  4  4 
 0  0  0  2  2  0  0  0  0  3  3  2  0  0  4  0  0  0  0  4  0  0  0  0  0  4  0  4  0  0  0  0  0  0  0  0  0  0  2  3  2  0  0  0  2  0  0  0  4  3 
 0  0  0  1  2  0  0  0  0  3  2  4  0  0  2  0  0  0  0  4  0  0  0  0  0  4  0  4  0  0  0  0  0  0  0  0  0  0  2  2  0  0  0  0  2  0  0  0  4  2 
 0  0  0  4  2  0  0  0  0  4  3  2  0  0  0  0  0  0  0  2  0  0  0  0  0  2  0  4  0  0  0  0  0  0  0  0  0  0  2  4  0  0  0  0  4  0  0  0  4  3 
 0  0  0  4  2  0  0  0  0  3  3  6  0  0  4  0  0  0  0  4  0  0  0  0  0  2  0  0  0  0  0  0  0  0  0  0  0  0  2  2  2  0  0  0  4  0  0  0  4  2 
 0  0  0  4  1  0  0  0  0  2  2  6  0  0  8  0  0  0  0  4  0  0  0  0  0  4  0  4  0  0  0  0  0  0  0  0  0  0  2  2  2  0  0  0  3  0  0  0  4  2 
 0  0  0  4  1  0  0  0  0  2  2  6  0  0  8  0  0  0  0  4  0  0  0  0  0  4  0  4  0  0  0  0  0  0  0  0  0  0  2  2  2  0  0  0  3  0  0  0  4  2 

20
 6  3  4  4  6  3  6  4  3  7  6  7  6  5  8  4  8  5  6  4  7  3  3  7  3  4  4  4  6  7  5  8  6  4  3  3  8  6  3  8  8  6  4  3  8  4  8  5  4  5 
 0  1  2  3  4  5  6  7  8  9 10 11 12 13 14 15 16 17 18 19 20 21 22 23 24 25 26 27 28 29 30 31 32 33 34 35 36 37 38 39 40 41 42 43 44 45 46 47 48 49 
 0  0  0  0  0  0  1  0  0  1  1  0  0  0  0  0  0  0  0  0  0  0  0  0  0  0  0  0  0  0  0  0  0  0  1  0  0  0  0  1  0  0  0  0  0  0  0  0  0  1 
 0  0  0  1  0  0  1  0  0  1  2  2  0  0  2  0  0  0  0  0  0  0  0  0  0  0  0  2  0  0  0  0  0  0  1  0  0  0  0  2  0  0  0  0  0  0  0  0  0  2 
 0  0  0  5  1  0  1  0  0  2  3  2  0  0  2  0  0  0  0  2  0  0  0  0  0  2  0  4  0  0  0  0  0  0  1  0  0  0  0  2  2  0  0  0  4  0  0  0  2  3 
 0  0  0  5  1  0  1  0  0  3  3  2  0  0  6  0  0  0  0  4  0  0  0  0  0  4  0  4  0  0  0  0  0  0  1  0  0  0  2  4  4  0  0  0  4  0  0  0  4  4 
 0  0  0  3  2  0  0  0  0  3  3  4  0  0  6  0  0  0  0  4  0  0  0  0  0  4  0  4  0  0  0  0  0  0  0  0  0  0  2  3  4  0  0  0  3  0  0  0  4  3 
 0  0  0  2  2  0  0  0  0  3  2  6  0  0  4  0  0  0  0  4  0  0  0  0  0  4  0  4  0  0  0  0  0  0  0  0  0  0  2  2  2  0  0  0  3  0  0  0  4  2 
 0  0  0  4  2  0  0  0  0  4  3  2  0  0  0  0  0  0  0  2  0  0  0  0  0  2  0  4  0  0  0  0  0  0  0  0  0  0  2  4  0  0  0  0  4  0  0  0  4  3 
 0  0  0  4  2  0  0  0  0  3  3  6  0  0  4  0  0  0  0  4  0  0  0  0  0  2  0  0  0  0  0  0  0  0  0  0  0  0  2  2  2  0  0  0  4  0  0  0  4  2 
 0  0  0  4  1  0  0  0  0  2  2  6  0  0  8  0  0  0  0  4  0  0  0  0  0  4  0  4  0  0  0  0  0  0  0  0  0  0  2  2  2  0  0  0  3  0  0  0  4  2 
 0  0  0  4  1  0  0  0  0  2  2  6  0  0  8  0  0  0  0  4  0  0  0  0  0  4  0  4  0  0  0  0  0  0  0  0  0  0  2  2  2  0  0  0  3  0  0  0  4  2 

21
 6  3  4  4  6  3  6  4  3  7  6  7  6  5  8  4  8  5  6  4  7  3  3  7  3  4  4  4  6  7  5  8  6  4  3  3  8  6  3  8  8  6  4  3  8  4  8  5  4  5 
 0  1  2  3  4  5  6  7  8  9 10 11 12 13 14 15 16 17 18 19 20 21 22 23 24 25 26 27 28 29 30 31 32 33 34 35 36 37 38 39 40 41 42 43 44 45 46 47 48 49 
 0  0  0  1  0  0  1  0  0  1  1  0  0  0  0  0  0  0  0  0  0  0  0  0  0  0  0  0  0  0  0  0  0  0  1  0  0  0  0  1  0  0  0  0  0  0  0  1  0  1 
 0  0  0  2  0  0  1  0  0  1  2  2  0  0  2  0  0  0  0  0  0  0  0  0  0  0  0  2  0  0  0  0  0  0  1  0  0  0  0  2  2  0  0  0  0  0  0  1  0  2 
 0  0  0  6  1  0  1  0  0  2  3  2  0  0  2  0  0  0  0  2  0  0  0  0  0  2  0  4  0  0  0  0  0  0  1  0  0  0  0  2  4  0  0  0  6  0  0  1  2  3 
 0  0  0  6  1  0  3  0  0  3  3  4  0  0  8  0  0  0  0  4  0  0  0  0  0  4  0  4  0  0  0  0  0  0  1  0  0  0  2  4  6  0  0  0  6  0  0  1  4  4 
 0  0  0  4  2  0  2  0  0  3  3  6  0  0  8  0  0  0  0  4  0  0  0  0  0  4  0  4  0  0  0  0  0  0  0  0  0  0  2  3  6  0  0  0  5  0  0  1  4  3 
 0  0  0  2  2  0  0  0  0  3  2  6  0  0  4  0  0  0  0  4  0  0  0  0  0  4  0  4  0  0  0  0  0  0  0  0  0  0  2  2  2  0  0  0  3  0  0  0  4  2 
 0  0  0  4  2  0  0  0  0  4  3  2  0  0  0  0  0  0  0  2  0  0  0  0  0  2  0  4  0  0  0  0  0  0  0  0  0  0  2  4  0  0  0  0  4  0  0  0  4  3 
 0  0  0  4  2  0  0  0  0  3  3  6  0  0  4  0  0  0  0  4  0  0  0  0  0  2  0  0  0  0  0  0  0  0  0  0  0  0  2  2  2  0  0  0  4  0  0  0  4  2 
 0  0  0  4  1  0  0  0  0  2  2  6  0  0  8  0  0  0  0  4  0  0  0  0  0  4  0  4  0  0  0  0  0  0  0  0  0  0  2  2  2  0  0  0  3  0  0  0  4  2 
 0  0  0  4  1  0  0  0  0  2  2  6  0  0  8  0  0  0  0  4  0  0  0  0  0  4  0  4  0  0  0  0  0  0  0  0  0  0  2  2  2  0  0  0  3  0  0  0  4  2 

path[path[nodes_num]-1] 41
22
99 3 14 19 49 
3 14 2
14 19 2
3 19 3 14 14 19 3
19 49 2
3 49 3 19 19 49 4

100 3 14 19 49 
3 14 2
14 19 2
3 19 3 14 14 19 3
19 49 2
3 49 3 19 19 49 4

106 4 38 48 9 
4 38 2
38 48 2
4 48 4 38 38 48 3
48 9 2
4 9 4 48 48 9 4

107 4 38 25 10 
4 38 4
38 25 4
4 25 4 38 38 25 5
25 10 4
4 10 4 25 25 10 6

221 9 48 14 3 
9 48 2
48 14 2
9 14 9 48 48 14 3
14 3 2
9 3 9 14 14 3 4

235 9 48 11 44 
9 48 4
48 11 4
9 11 9 48 48 11 5
11 44 4
9 44 9 11 11 44 6

241 10 25 38 4 
10 25 6
25 38 6
10 38 10 25 25 38 7
38 4 6
10 4 10 38 38 4 8

260 10 25 11 44 
10 25 2
25 11 2
10 11 10 25 25 11 3
11 44 2
10 44 10 11 11 44 4

261 10 25 11 44 
10 25 2
25 11 2
10 11 10 25 25 11 3
11 44 2
10 44 10 11 11 44 4

763 39 27 14 3 
39 27 2
27 14 2
39 14 39 27 27 14 3
14 3 2
39 3 39 14 14 3 4

765 39 27 48 9 
39 27 5
27 48 5
39 48 39 27 27 48 6
48 9 5
39 9 39 48 48 9 7

863 44 11 48 9 
44 11 6
11 48 6
44 48 44 11 11 48 7
48 9 6
44 9 44 48 48 9 8

972 49 19 14 3 
49 19 6
19 14 6
49 14 49 19 19 14 7
14 3 6
49 3 49 14 14 3 8

990 49 19 27 39 
49 19 5
19 27 5
49 27 49 19 19 27 6
27 39 5
49 39 49 27 27 39 7

991 49 19 27 39 
49 19 7
19 27 7
49 27 49 19 19 27 8
27 39 7
49 39 49 27 27 39 9

992 49 19 27 39 
49 19 8
19 27 8
49 27 49 19 19 27 9
27 39 8
49 39 49 27 27 39 10

230 9 48 14 3 34 
9 48 8
48 14 8
9 14 9 48 48 14 9
14 3 8
3 34 8
14 34 14 3 3 34 9
9 34 9 14 14 34 10

240 10 25 40 14 3 
10 25 7
25 40 7
10 40 10 25 25 40 8
40 14 7
14 3 7
40 3 40 14 14 3 8
10 3 10 40 40 3 9

243 10 25 11 44 6 
10 25 8
25 11 8
10 11 10 25 25 11 9
11 44 8
44 6 8
11 6 11 44 44 6 9
10 6 10 11 11 6 10

784 39 27 40 11 44 
39 27 2
27 40 2
39 40 39 27 27 40 3
40 11 2
11 44 2
40 44 40 11 11 44 3
39 44 39 40 40 44 4

862 44 11 40 14 3 
44 11 6
11 40 6
44 40 44 11 11 40 7
40 14 6
14 3 6
40 3 40 14 14 3 7
44 3 44 40 40 3 8

940 47 6 44 11 40 14 3 
47 6 7
6 44 7
47 44 47 6 6 44 8
44 11 7
11 40 7
44 40 44 11 11 40 8
47 40 47 44 44 40 9
40 14 7
14 3 7
40 3 40 14 14 3 8
47 3 47 40 40 3 10

