i 0
99
3 14 19 49 
 6  3  4  4  6  3  6  4  3  7  6  7  6  5  8  4  8  5  6  4  7  3  3  7  3  4  4  4  6  7  5  8  6  4  3  3  8  6  3  8  8  6  4  3  8  4  8  5  4  5 
 0  1  2  3  4  5  6  7  8  9 10 11 12 13 14 15 16 17 18 19 20 21 22 23 24 25 26 27 28 29 30 31 32 33 34 35 36 37 38 39 40 41 42 43 44 45 46 47 48 49 
 0  0  0  0  0  0  0  0  0  0  0  0  0  0  0  0  0  0  0  0  0  0  0  0  0  0  0  0  0  0  0  0  0  0  0  0  0  0  0  0  0  0  0  0  0  0  0  0  0  0 
 0  0  0  0  0  0  0  0  0  0  0  0  0  0  0  0  0  0  0  0  0  0  0  0  0  0  0  0  0  0  0  0  0  0  0  0  0  0  0  0  0  0  0  0  0  0  0  0  0  0 
 0  0  0  0  0  0  0  0  0  0  0  0  0  0  0  0  0  0  0  0  0  0  0  0  0  0  0  0  0  0  0  0  0  0  0  0  0  0  0  0  0  0  0  0  0  0  0  0  0  0 
 0  0  0  0  0  0  0  0  0  0  0  0  0  0  0  0  0  0  0  0  0  0  0  0  0  0  0  0  0  0  0  0  0  0  0  0  0  0  0  0  0  0  0  0  0  0  0  0  0  0 
 0  0  0  0  0  0  0  0  0  0  0  0  0  0  0  0  0  0  0  0  0  0  0  0  0  0  0  0  0  0  0  0  0  0  0  0  0  0  0  0  0  0  0  0  0  0  0  0  0  0 
 0  0  0  0  0  0  0  0  0  0  0  0  0  0  0  0  0  0  0  0  0  0  0  0  0  0  0  0  0  0  0  0  0  0  0  0  0  0  0  0  0  0  0  0  0  0  0  0  0  0 
 0  0  0  1  0  0  0  0  0  0  0  0  0  0  0  0  0  0  0  0  0  0  0  0  0  0  0  0  0  0  0  0  0  0  0  0  0  0  0  0  0  0  0  0  0  0  0  0  0  1 
 0  0  0  1  0  0  0  0  0  0  0  0  0  0  0  0  0  0  0  2  0  0  0  0  0  0  0  0  0  0  0  0  0  0  0  0  0  0  0  0  0  0  0  0  0  0  0  0  0  1 
 0  0  0  1  0  0  0  0  0  0  0  0  0  0  2  0  0  0  0  2  0  0  0  0  0  0  0  0  0  0  0  0  0  0  0  0  0  0  0  0  0  0  0  0  0  0  0  0  0  1 
 0  0  0  1  0  0  0  0  0  0  0  0  0  0  2  0  0  0  0  2  0  0  0  0  0  0  0  0  0  0  0  0  0  0  0  0  0  0  0  0  0  0  0  0  0  0  0  0  0  1 
i 0
100
3 14 19 49 
 6  3  4  4  6  3  6  4  3  7  6  7  6  5  8  4  8  5  6  4  7  3  3  7  3  4  4  4  6  7  5  8  6  4  3  3  8  6  3  8  8  6  4  3  8  4  8  5  4  5 
 0  1  2  3  4  5  6  7  8  9 10 11 12 13 14 15 16 17 18 19 20 21 22 23 24 25 26 27 28 29 30 31 32 33 34 35 36 37 38 39 40 41 42 43 44 45 46 47 48 49 
 0  0  0  0  0  0  0  0  0  0  0  0  0  0  0  0  0  0  0  0  0  0  0  0  0  0  0  0  0  0  0  0  0  0  0  0  0  0  0  0  0  0  0  0  0  0  0  0  0  0 
 0  0  0  0  0  0  0  0  0  0  0  0  0  0  0  0  0  0  0  0  0  0  0  0  0  0  0  0  0  0  0  0  0  0  0  0  0  0  0  0  0  0  0  0  0  0  0  0  0  0 
 0  0  0  0  0  0  0  0  0  0  0  0  0  0  0  0  0  0  0  0  0  0  0  0  0  0  0  0  0  0  0  0  0  0  0  0  0  0  0  0  0  0  0  0  0  0  0  0  0  0 
 0  0  0  0  0  0  0  0  0  0  0  0  0  0  0  0  0  0  0  0  0  0  0  0  0  0  0  0  0  0  0  0  0  0  0  0  0  0  0  0  0  0  0  0  0  0  0  0  0  0 
 0  0  0  0  0  0  0  0  0  0  0  0  0  0  0  0  0  0  0  0  0  0  0  0  0  0  0  0  0  0  0  0  0  0  0  0  0  0  0  0  0  0  0  0  0  0  0  0  0  0 
 0  0  0  0  0  0  0  0  0  0  0  0  0  0  0  0  0  0  0  0  0  0  0  0  0  0  0  0  0  0  0  0  0  0  0  0  0  0  0  0  0  0  0  0  0  0  0  0  0  0 
 0  0  0  2  0  0  0  0  0  0  0  0  0  0  0  0  0  0  0  0  0  0  0  0  0  0  0  0  0  0  0  0  0  0  0  0  0  0  0  0  0  0  0  0  0  0  0  0  0  1 
 0  0  0  2  0  0  0  0  0  0  0  0  0  0  0  0  0  0  0  4  0  0  0  0  0  0  0  0  0  0  0  0  0  0  0  0  0  0  0  0  0  0  0  0  0  0  0  0  0  1 
 0  0  0  2  0  0  0  0  0  0  0  0  0  0  4  0  0  0  0  4  0  0  0  0  0  0  0  0  0  0  0  0  0  0  0  0  0  0  0  0  0  0  0  0  0  0  0  0  0  1 
 0  0  0  2  0  0  0  0  0  0  0  0  0  0  4  0  0  0  0  4  0  0  0  0  0  0  0  0  0  0  0  0  0  0  0  0  0  0  0  0  0  0  0  0  0  0  0  0  0  1 
i 0
106
4 38 48 9 
 6  3  4  4  6  3  6  4  3  7  6  7  6  5  8  4  8  5  6  4  7  3  3  7  3  4  4  4  6  7  5  8  6  4  3  3  8  6  3  8  8  6  4  3  8  4  8  5  4  5 
 0  1  2  3  4  5  6  7  8  9 10 11 12 13 14 15 16 17 18 19 20 21 22 23 24 25 26 27 28 29 30 31 32 33 34 35 36 37 38 39 40 41 42 43 44 45 46 47 48 49 
 0  0  0  0  0  0  0  0  0  0  0  0  0  0  0  0  0  0  0  0  0  0  0  0  0  0  0  0  0  0  0  0  0  0  0  0  0  0  0  0  0  0  0  0  0  0  0  0  0  0 
 0  0  0  0  0  0  0  0  0  0  0  0  0  0  0  0  0  0  0  0  0  0  0  0  0  0  0  0  0  0  0  0  0  0  0  0  0  0  0  0  0  0  0  0  0  0  0  0  0  0 
 0  0  0  0  0  0  0  0  0  0  0  0  0  0  0  0  0  0  0  0  0  0  0  0  0  0  0  0  0  0  0  0  0  0  0  0  0  0  0  0  0  0  0  0  0  0  0  0  0  0 
 0  0  0  0  0  0  0  0  0  0  0  0  0  0  0  0  0  0  0  0  0  0  0  0  0  0  0  0  0  0  0  0  0  0  0  0  0  0  0  0  0  0  0  0  0  0  0  0  0  0 
 0  0  0  0  0  0  0  0  0  0  0  0  0  0  0  0  0  0  0  0  0  0  0  0  0  0  0  0  0  0  0  0  0  0  0  0  0  0  0  0  0  0  0  0  0  0  0  0  0  0 
 0  0  0  0  0  0  0  0  0  0  0  0  0  0  0  0  0  0  0  0  0  0  0  0  0  0  0  0  0  0  0  0  0  0  0  0  0  0  0  0  0  0  0  0  0  0  0  0  0  0 
 0  0  0  2  1  0  0  0  0  1  0  0  0  0  0  0  0  0  0  0  0  0  0  0  0  0  0  0  0  0  0  0  0  0  0  0  0  0  0  0  0  0  0  0  0  0  0  0  0  1 
 0  0  0  2  1  0  0  0  0  1  0  0  0  0  0  0  0  0  0  4  0  0  0  0  0  0  0  0  0  0  0  0  0  0  0  0  0  0  0  0  0  0  0  0  0  0  0  0  2  1 
 0  0  0  2  1  0  0  0  0  1  0  0  0  0  4  0  0  0  0  4  0  0  0  0  0  0  0  0  0  0  0  0  0  0  0  0  0  0  2  0  0  0  0  0  0  0  0  0  2  1 
 0  0  0  2  1  0  0  0  0  1  0  0  0  0  4  0  0  0  0  4  0  0  0  0  0  0  0  0  0  0  0  0  0  0  0  0  0  0  2  0  0  0  0  0  0  0  0  0  2  1 
i 2
107
4 38 25 10 
 6  3  4  4  6  3  6  4  3  7  6  7  6  5  8  4  8  5  6  4  7  3  3  7  3  4  4  4  6  7  5  8  6  4  3  3  8  6  3  8  8  6  4  3  8  4  8  5  4  5 
 0  1  2  3  4  5  6  7  8  9 10 11 12 13 14 15 16 17 18 19 20 21 22 23 24 25 26 27 28 29 30 31 32 33 34 35 36 37 38 39 40 41 42 43 44 45 46 47 48 49 
 0  0  0  0  0  0  0  0  0  0  0  0  0  0  0  0  0  0  0  0  0  0  0  0  0  0  0  0  0  0  0  0  0  0  0  0  0  0  0  0  0  0  0  0  0  0  0  0  0  0 
 0  0  0  0  0  0  0  0  0  0  0  0  0  0  0  0  0  0  0  0  0  0  0  0  0  0  0  0  0  0  0  0  0  0  0  0  0  0  0  0  0  0  0  0  0  0  0  0  0  0 
 0  0  0  0  0  0  0  0  0  0  0  0  0  0  0  0  0  0  0  0  0  0  0  0  0  0  0  0  0  0  0  0  0  0  0  0  0  0  0  0  0  0  0  0  0  0  0  0  0  0 
 0  0  0  0  0  0  0  0  0  0  0  0  0  0  0  0  0  0  0  0  0  0  0  0  0  0  0  0  0  0  0  0  0  0  0  0  0  0  0  0  0  0  0  0  0  0  0  0  0  0 
 0  0  0  0  1  0  0  0  0  0  1  0  0  0  0  0  0  0  0  0  0  0  0  0  0  0  0  0  0  0  0  0  0  0  0  0  0  0  0  0  0  0  0  0  0  0  0  0  0  0 
 0  0  0  0  1  0  0  0  0  0  1  0  0  0  0  0  0  0  0  0  0  0  0  0  0  2  0  0  0  0  0  0  0  0  0  0  0  0  0  0  0  0  0  0  0  0  0  0  0  0 
 0  0  0  2  2  0  0  0  0  1  1  0  0  0  0  0  0  0  0  0  0  0  0  0  0  2  0  0  0  0  0  0  0  0  0  0  0  0  2  0  0  0  0  0  0  0  0  0  0  1 
 0  0  0  2  2  0  0  0  0  1  1  0  0  0  0  0  0  0  0  4  0  0  0  0  0  2  0  0  0  0  0  0  0  0  0  0  0  0  2  0  0  0  0  0  0  0  0  0  2  1 
 0  0  0  2  1  0  0  0  0  1  0  0  0  0  4  0  0  0  0  4  0  0  0  0  0  0  0  0  0  0  0  0  0  0  0  0  0  0  2  0  0  0  0  0  0  0  0  0  2  1 
 0  0  0  2  1  0  0  0  0  1  0  0  0  0  4  0  0  0  0  4  0  0  0  0  0  0  0  0  0  0  0  0  0  0  0  0  0  0  2  0  0  0  0  0  0  0  0  0  2  1 
i 0
221
9 48 14 3 
 6  3  4  4  6  3  6  4  3  7  6  7  6  5  8  4  8  5  6  4  7  3  3  7  3  4  4  4  6  7  5  8  6  4  3  3  8  6  3  8  8  6  4  3  8  4  8  5  4  5 
 0  1  2  3  4  5  6  7  8  9 10 11 12 13 14 15 16 17 18 19 20 21 22 23 24 25 26 27 28 29 30 31 32 33 34 35 36 37 38 39 40 41 42 43 44 45 46 47 48 49 
 0  0  0  0  0  0  0  0  0  0  0  0  0  0  0  0  0  0  0  0  0  0  0  0  0  0  0  0  0  0  0  0  0  0  0  0  0  0  0  0  0  0  0  0  0  0  0  0  0  0 
 0  0  0  0  0  0  0  0  0  0  0  0  0  0  0  0  0  0  0  0  0  0  0  0  0  0  0  0  0  0  0  0  0  0  0  0  0  0  0  0  0  0  0  0  0  0  0  0  0  0 
 0  0  0  0  0  0  0  0  0  0  0  0  0  0  0  0  0  0  0  0  0  0  0  0  0  0  0  0  0  0  0  0  0  0  0  0  0  0  0  0  0  0  0  0  0  0  0  0  0  0 
 0  0  0  0  0  0  0  0  0  0  0  0  0  0  0  0  0  0  0  0  0  0  0  0  0  0  0  0  0  0  0  0  0  0  0  0  0  0  0  0  0  0  0  0  0  0  0  0  0  0 
 0  0  0  0  1  0  0  0  0  0  1  0  0  0  0  0  0  0  0  0  0  0  0  0  0  0  0  0  0  0  0  0  0  0  0  0  0  0  0  0  0  0  0  0  0  0  0  0  0  0 
 0  0  0  0  1  0  0  0  0  0  1  0  0  0  0  0  0  0  0  0  0  0  0  0  0  2  0  0  0  0  0  0  0  0  0  0  0  0  0  0  0  0  0  0  0  0  0  0  0  0 
 0  0  0  1  2  0  0  0  0  2  1  0  0  0  0  0  0  0  0  0  0  0  0  0  0  2  0  0  0  0  0  0  0  0  0  0  0  0  2  0  0  0  0  0  0  0  0  0  0  1 
 0  0  0  1  2  0  0  0  0  2  1  0  0  0  2  0  0  0  0  4  0  0  0  0  0  2  0  0  0  0  0  0  0  0  0  0  0  0  2  0  0  0  0  0  0  0  0  0  2  1 
 0  0  0  1  1  0  0  0  0  2  0  0  0  0  6  0  0  0  0  4  0  0  0  0  0  0  0  0  0  0  0  0  0  0  0  0  0  0  2  0  0  0  0  0  0  0  0  0  4  1 
 0  0  0  1  1  0  0  0  0  2  0  0  0  0  6  0  0  0  0  4  0  0  0  0  0  0  0  0  0  0  0  0  0  0  0  0  0  0  2  0  0  0  0  0  0  0  0  0  4  1 
i 2
235
9 48 11 44 
 6  3  4  4  6  3  6  4  3  7  6  7  6  5  8  4  8  5  6  4  7  3  3  7  3  4  4  4  6  7  5  8  6  4  3  3  8  6  3  8  8  6  4  3  8  4  8  5  4  5 
 0  1  2  3  4  5  6  7  8  9 10 11 12 13 14 15 16 17 18 19 20 21 22 23 24 25 26 27 28 29 30 31 32 33 34 35 36 37 38 39 40 41 42 43 44 45 46 47 48 49 
 0  0  0  0  0  0  0  0  0  0  0  0  0  0  0  0  0  0  0  0  0  0  0  0  0  0  0  0  0  0  0  0  0  0  0  0  0  0  0  0  0  0  0  0  0  0  0  0  0  0 
 0  0  0  0  0  0  0  0  0  0  0  0  0  0  0  0  0  0  0  0  0  0  0  0  0  0  0  0  0  0  0  0  0  0  0  0  0  0  0  0  0  0  0  0  0  0  0  0  0  0 
 0  0  0  0  0  0  0  0  0  0  0  0  0  0  0  0  0  0  0  0  0  0  0  0  0  0  0  0  0  0  0  0  0  0  0  0  0  0  0  0  0  0  0  0  0  0  0  0  0  0 
 0  0  0  0  0  0  0  0  0  0  0  0  0  0  0  0  0  0  0  0  0  0  0  0  0  0  0  0  0  0  0  0  0  0  0  0  0  0  0  0  0  0  0  0  0  0  0  0  0  0 
 0  0  0  0  1  0  0  0  0  1  1  0  0  0  0  0  0  0  0  0  0  0  0  0  0  0  0  0  0  0  0  0  0  0  0  0  0  0  0  0  0  0  0  0  1  0  0  0  0  0 
 0  0  0  0  1  0  0  0  0  1  1  2  0  0  0  0  0  0  0  0  0  0  0  0  0  2  0  0  0  0  0  0  0  0  0  0  0  0  0  0  0  0  0  0  1  0  0  0  0  0 
 0  0  0  1  2  0  0  0  0  3  1  2  0  0  0  0  0  0  0  0  0  0  0  0  0  2  0  0  0  0  0  0  0  0  0  0  0  0  2  0  0  0  0  0  1  0  0  0  2  1 
 0  0  0  1  2  0  0  0  0  3  1  2  0  0  2  0  0  0  0  4  0  0  0  0  0  2  0  0  0  0  0  0  0  0  0  0  0  0  2  0  0  0  0  0  1  0  0  0  4  1 
 0  0  0  1  1  0  0  0  0  2  0  0  0  0  6  0  0  0  0  4  0  0  0  0  0  0  0  0  0  0  0  0  0  0  0  0  0  0  2  0  0  0  0  0  0  0  0  0  4  1 
 0  0  0  1  1  0  0  0  0  2  0  0  0  0  6  0  0  0  0  4  0  0  0  0  0  0  0  0  0  0  0  0  0  0  0  0  0  0  2  0  0  0  0  0  0  0  0  0  4  1 
i 4
241
10 25 38 4 
 6  3  4  4  6  3  6  4  3  7  6  7  6  5  8  4  8  5  6  4  7  3  3  7  3  4  4  4  6  7  5  8  6  4  3  3  8  6  3  8  8  6  4  3  8  4  8  5  4  5 
 0  1  2  3  4  5  6  7  8  9 10 11 12 13 14 15 16 17 18 19 20 21 22 23 24 25 26 27 28 29 30 31 32 33 34 35 36 37 38 39 40 41 42 43 44 45 46 47 48 49 
 0  0  0  0  0  0  0  0  0  0  0  0  0  0  0  0  0  0  0  0  0  0  0  0  0  0  0  0  0  0  0  0  0  0  0  0  0  0  0  0  0  0  0  0  0  0  0  0  0  0 
 0  0  0  0  0  0  0  0  0  0  0  0  0  0  0  0  0  0  0  0  0  0  0  0  0  0  0  0  0  0  0  0  0  0  0  0  0  0  0  0  0  0  0  0  0  0  0  0  0  0 
 0  0  0  0  1  0  0  0  0  0  1  0  0  0  0  0  0  0  0  0  0  0  0  0  0  0  0  0  0  0  0  0  0  0  0  0  0  0  0  0  0  0  0  0  0  0  0  0  0  0 
 0  0  0  0  1  0  0  0  0  0  1  0  0  0  0  0  0  0  0  0  0  0  0  0  0  0  0  0  0  0  0  0  0  0  0  0  0  0  2  0  0  0  0  0  0  0  0  0  0  0 
 0  0  0  0  1  0  0  0  0  1  2  0  0  0  0  0  0  0  0  0  0  0  0  0  0  2  0  0  0  0  0  0  0  0  0  0  0  0  2  0  0  0  0  0  1  0  0  0  0  0 
 0  0  0  0  1  0  0  0  0  1  2  2  0  0  0  0  0  0  0  0  0  0  0  0  0  4  0  0  0  0  0  0  0  0  0  0  0  0  2  0  0  0  0  0  1  0  0  0  0  0 
 0  0  0  1  2  0  0  0  0  3  1  2  0  0  0  0  0  0  0  0  0  0  0  0  0  2  0  0  0  0  0  0  0  0  0  0  0  0  2  0  0  0  0  0  1  0  0  0  2  1 
 0  0  0  1  2  0  0  0  0  3  1  2  0  0  2  0  0  0  0  4  0  0  0  0  0  2  0  0  0  0  0  0  0  0  0  0  0  0  2  0  0  0  0  0  1  0  0  0  4  1 
 0  0  0  1  1  0  0  0  0  2  0  0  0  0  6  0  0  0  0  4  0  0  0  0  0  0  0  0  0  0  0  0  0  0  0  0  0  0  2  0  0  0  0  0  0  0  0  0  4  1 
 0  0  0  1  1  0  0  0  0  2  0  0  0  0  6  0  0  0  0  4  0  0  0  0  0  0  0  0  0  0  0  0  0  0  0  0  0  0  2  0  0  0  0  0  0  0  0  0  4  1 
i 0
260
10 25 11 44 
 6  3  4  4  6  3  6  4  3  7  6  7  6  5  8  4  8  5  6  4  7  3  3  7  3  4  4  4  6  7  5  8  6  4  3  3  8  6  3  8  8  6  4  3  8  4  8  5  4  5 
 0  1  2  3  4  5  6  7  8  9 10 11 12 13 14 15 16 17 18 19 20 21 22 23 24 25 26 27 28 29 30 31 32 33 34 35 36 37 38 39 40 41 42 43 44 45 46 47 48 49 
 0  0  0  0  0  0  0  0  0  0  0  0  0  0  0  0  0  0  0  0  0  0  0  0  0  0  0  0  0  0  0  0  0  0  0  0  0  0  0  0  0  0  0  0  0  0  0  0  0  0 
 0  0  0  0  0  0  0  0  0  0  0  0  0  0  0  0  0  0  0  0  0  0  0  0  0  0  0  0  0  0  0  0  0  0  0  0  0  0  0  0  0  0  0  0  0  0  0  0  0  0 
 0  0  0  0  1  0  0  0  0  0  1  0  0  0  0  0  0  0  0  0  0  0  0  0  0  0  0  0  0  0  0  0  0  0  0  0  0  0  0  0  0  0  0  0  0  0  0  0  0  0 
 0  0  0  0  1  0  0  0  0  0  1  0  0  0  0  0  0  0  0  0  0  0  0  0  0  0  0  0  0  0  0  0  0  0  0  0  0  0  2  0  0  0  0  0  0  0  0  0  0  0 
 0  0  0  0  1  0  0  0  0  1  2  0  0  0  0  0  0  0  0  0  0  0  0  0  0  2  0  0  0  0  0  0  0  0  0  0  0  0  2  0  0  0  0  0  1  0  0  0  0  0 
 0  0  0  0  1  0  0  0  0  1  2  2  0  0  0  0  0  0  0  0  0  0  0  0  0  4  0  0  0  0  0  0  0  0  0  0  0  0  2  0  0  0  0  0  1  0  0  0  0  0 
 0  0  0  1  2  0  0  0  0  3  2  2  0  0  0  0  0  0  0  0  0  0  0  0  0  2  0  0  0  0  0  0  0  0  0  0  0  0  2  0  0  0  0  0  1  0  0  0  2  1 
 0  0  0  1  2  0  0  0  0  3  2  4  0  0  2  0  0  0  0  4  0  0  0  0  0  2  0  0  0  0  0  0  0  0  0  0  0  0  2  0  0  0  0  0  1  0  0  0  4  1 
 0  0  0  1  1  0  0  0  0  2  1  2  0  0  6  0  0  0  0  4  0  0  0  0  0  2  0  0  0  0  0  0  0  0  0  0  0  0  2  0  0  0  0  0  1  0  0  0  4  1 
 0  0  0  1  1  0  0  0  0  2  1  2  0  0  6  0  0  0  0  4  0  0  0  0  0  2  0  0  0  0  0  0  0  0  0  0  0  0  2  0  0  0  0  0  1  0  0  0  4  1 
i 0
261
10 25 11 44 
 6  3  4  4  6  3  6  4  3  7  6  7  6  5  8  4  8  5  6  4  7  3  3  7  3  4  4  4  6  7  5  8  6  4  3  3  8  6  3  8  8  6  4  3  8  4  8  5  4  5 
 0  1  2  3  4  5  6  7  8  9 10 11 12 13 14 15 16 17 18 19 20 21 22 23 24 25 26 27 28 29 30 31 32 33 34 35 36 37 38 39 40 41 42 43 44 45 46 47 48 49 
 0  0  0  0  0  0  0  0  0  0  0  0  0  0  0  0  0  0  0  0  0  0  0  0  0  0  0  0  0  0  0  0  0  0  0  0  0  0  0  0  0  0  0  0  0  0  0  0  0  0 
 0  0  0  0  0  0  0  0  0  0  0  0  0  0  0  0  0  0  0  0  0  0  0  0  0  0  0  0  0  0  0  0  0  0  0  0  0  0  0  0  0  0  0  0  0  0  0  0  0  0 
 0  0  0  0  1  0  0  0  0  0  1  0  0  0  0  0  0  0  0  0  0  0  0  0  0  0  0  0  0  0  0  0  0  0  0  0  0  0  0  0  0  0  0  0  0  0  0  0  0  0 
 0  0  0  0  1  0  0  0  0  0  1  0  0  0  0  0  0  0  0  0  0  0  0  0  0  0  0  0  0  0  0  0  0  0  0  0  0  0  2  0  0  0  0  0  0  0  0  0  0  0 
 0  0  0  0  1  0  0  0  0  1  2  0  0  0  0  0  0  0  0  0  0  0  0  0  0  2  0  0  0  0  0  0  0  0  0  0  0  0  2  0  0  0  0  0  1  0  0  0  0  0 
 0  0  0  0  1  0  0  0  0  1  2  2  0  0  0  0  0  0  0  0  0  0  0  0  0  4  0  0  0  0  0  0  0  0  0  0  0  0  2  0  0  0  0  0  1  0  0  0  0  0 
 0  0  0  1  2  0  0  0  0  3  3  2  0  0  0  0  0  0  0  0  0  0  0  0  0  2  0  0  0  0  0  0  0  0  0  0  0  0  2  0  0  0  0  0  1  0  0  0  2  1 
 0  0  0  1  2  0  0  0  0  3  3  6  0  0  2  0  0  0  0  4  0  0  0  0  0  2  0  0  0  0  0  0  0  0  0  0  0  0  2  0  0  0  0  0  1  0  0  0  4  1 
 0  0  0  1  1  0  0  0  0  2  2  4  0  0  6  0  0  0  0  4  0  0  0  0  0  4  0  0  0  0  0  0  0  0  0  0  0  0  2  0  0  0  0  0  1  0  0  0  4  1 
 0  0  0  1  1  0  0  0  0  2  2  4  0  0  6  0  0  0  0  4  0  0  0  0  0  4  0  0  0  0  0  0  0  0  0  0  0  0  2  0  0  0  0  0  1  0  0  0  4  1 
i 0
763
39 27 14 3 
 6  3  4  4  6  3  6  4  3  7  6  7  6  5  8  4  8  5  6  4  7  3  3  7  3  4  4  4  6  7  5  8  6  4  3  3  8  6  3  8  8  6  4  3  8  4  8  5  4  5 
 0  1  2  3  4  5  6  7  8  9 10 11 12 13 14 15 16 17 18 19 20 21 22 23 24 25 26 27 28 29 30 31 32 33 34 35 36 37 38 39 40 41 42 43 44 45 46 47 48 49 
 0  0  0  0  0  0  0  0  0  0  0  0  0  0  0  0  0  0  0  0  0  0  0  0  0  0  0  0  0  0  0  0  0  0  0  0  0  0  0  0  0  0  0  0  0  0  0  0  0  0 
 0  0  0  0  0  0  0  0  0  0  0  0  0  0  0  0  0  0  0  0  0  0  0  0  0  0  0  0  0  0  0  0  0  0  0  0  0  0  0  0  0  0  0  0  0  0  0  0  0  0 
 0  0  0  0  1  0  0  0  0  0  1  0  0  0  0  0  0  0  0  0  0  0  0  0  0  0  0  0  0  0  0  0  0  0  0  0  0  0  0  0  0  0  0  0  0  0  0  0  0  0 
 0  0  0  0  1  0  0  0  0  0  1  0  0  0  0  0  0  0  0  0  0  0  0  0  0  0  0  0  0  0  0  0  0  0  0  0  0  0  2  0  0  0  0  0  0  0  0  0  0  0 
 0  0  0  0  1  0  0  0  0  1  2  0  0  0  0  0  0  0  0  0  0  0  0  0  0  2  0  0  0  0  0  0  0  0  0  0  0  0  2  0  0  0  0  0  1  0  0  0  0  0 
 0  0  0  0  1  0  0  0  0  1  2  2  0  0  0  0  0  0  0  0  0  0  0  0  0  4  0  0  0  0  0  0  0  0  0  0  0  0  2  0  0  0  0  0  1  0  0  0  0  0 
 0  0  0  1  2  0  0  0  0  3  3  2  0  0  0  0  0  0  0  0  0  0  0  0  0  2  0  0  0  0  0  0  0  0  0  0  0  0  2  1  0  0  0  0  1  0  0  0  2  1 
 0  0  0  1  2  0  0  0  0  3  3  6  0  0  4  0  0  0  0  4  0  0  0  0  0  2  0  0  0  0  0  0  0  0  0  0  0  0  2  1  0  0  0  0  1  0  0  0  4  1 
 0  0  0  1  1  0  0  0  0  2  2  4  0  0  8  0  0  0  0  4  0  0  0  0  0  4  0  2  0  0  0  0  0  0  0  0  0  0  2  1  0  0  0  0  1  0  0  0  4  1 
 0  0  0  1  1  0  0  0  0  2  2  4  0  0  8  0  0  0  0  4  0  0  0  0  0  4  0  2  0  0  0  0  0  0  0  0  0  0  2  1  0  0  0  0  1  0  0  0  4  1 
i 3
765
39 27 48 9 
 6  3  4  4  6  3  6  4  3  7  6  7  6  5  8  4  8  5  6  4  7  3  3  7  3  4  4  4  6  7  5  8  6  4  3  3  8  6  3  8  8  6  4  3  8  4  8  5  4  5 
 0  1  2  3  4  5  6  7  8  9 10 11 12 13 14 15 16 17 18 19 20 21 22 23 24 25 26 27 28 29 30 31 32 33 34 35 36 37 38 39 40 41 42 43 44 45 46 47 48 49 
 0  0  0  0  0  0  0  0  0  0  0  0  0  0  0  0  0  0  0  0  0  0  0  0  0  0  0  0  0  0  0  0  0  0  0  0  0  0  0  0  0  0  0  0  0  0  0  0  0  0 
 0  0  0  0  0  0  0  0  0  0  0  0  0  0  0  0  0  0  0  0  0  0  0  0  0  0  0  0  0  0  0  0  0  0  0  0  0  0  0  0  0  0  0  0  0  0  0  0  0  0 
 0  0  0  0  1  0  0  0  0  0  1  0  0  0  0  0  0  0  0  0  0  0  0  0  0  0  0  0  0  0  0  0  0  0  0  0  0  0  0  0  0  0  0  0  0  0  0  0  0  0 
 0  0  0  0  1  0  0  0  0  1  1  0  0  0  0  0  0  0  0  0  0  0  0  0  0  0  0  0  0  0  0  0  0  0  0  0  0  0  2  1  0  0  0  0  0  0  0  0  0  0 
 0  0  0  0  1  0  0  0  0  1  2  0  0  0  0  0  0  0  0  0  0  0  0  0  0  2  0  0  0  0  0  0  0  0  0  0  0  0  2  1  0  0  0  0  1  0  0  0  2  0 
 0  0  0  0  1  0  0  0  0  1  2  2  0  0  0  0  0  0  0  0  0  0  0  0  0  4  0  2  0  0  0  0  0  0  0  0  0  0  2  1  0  0  0  0  1  0  0  0  2  0 
 0  0  0  1  2  0  0  0  0  1  3  2  0  0  0  0  0  0  0  0  0  0  0  0  0  2  0  2  0  0  0  0  0  0  0  0  0  0  2  2  0  0  0  0  1  0  0  0  4  1 
 0  0  0  1  2  0  0  0  0  3  3  6  0  0  4  0  0  0  0  4  0  0  0  0  0  2  0  0  0  0  0  0  0  0  0  0  0  0  2  1  0  0  0  0  1  0  0  0  4  1 
 0  0  0  1  1  0  0  0  0  2  2  4  0  0  8  0  0  0  0  4  0  0  0  0  0  4  0  2  0  0  0  0  0  0  0  0  0  0  2  1  0  0  0  0  1  0  0  0  4  1 
 0  0  0  1  1  0  0  0  0  2  2  4  0  0  8  0  0  0  0  4  0  0  0  0  0  4  0  2  0  0  0  0  0  0  0  0  0  0  2  1  0  0  0  0  1  0  0  0  4  1 
i 4
863
44 11 48 9 
 6  3  4  4  6  3  6  4  3  7  6  7  6  5  8  4  8  5  6  4  7  3  3  7  3  4  4  4  6  7  5  8  6  4  3  3  8  6  3  8  8  6  4  3  8  4  8  5  4  5 
 0  1  2  3  4  5  6  7  8  9 10 11 12 13 14 15 16 17 18 19 20 21 22 23 24 25 26 27 28 29 30 31 32 33 34 35 36 37 38 39 40 41 42 43 44 45 46 47 48 49 
 0  0  0  0  0  0  0  0  0  0  0  0  0  0  0  0  0  0  0  0  0  0  0  0  0  0  0  0  0  0  0  0  0  0  0  0  0  0  0  0  0  0  0  0  0  0  0  0  0  0 
 0  0  0  0  0  0  0  0  0  0  0  0  0  0  0  0  0  0  0  0  0  0  0  0  0  0  0  0  0  0  0  0  0  0  0  0  0  0  0  0  0  0  0  0  0  0  0  0  0  0 
 0  0  0  0  1  0  0  0  0  1  1  0  0  0  0  0  0  0  0  0  0  0  0  0  0  0  0  0  0  0  0  0  0  0  0  0  0  0  0  0  0  0  0  0  1  0  0  0  0  0 
 0  0  0  0  1  0  0  0  0  1  1  0  0  0  0  0  0  0  0  0  0  0  0  0  0  0  0  0  0  0  0  0  0  0  0  0  0  0  2  1  0  0  0  0  1  0  0  0  2  0 
 0  0  0  0  1  0  0  0  0  1  2  2  0  0  0  0  0  0  0  0  0  0  0  0  0  2  0  0  0  0  0  0  0  0  0  0  0  0  2  1  0  0  0  0  2  0  0  0  4  0 
 0  0  0  0  1  0  0  0  0  1  2  4  0  0  0  0  0  0  0  0  0  0  0  0  0  4  0  2  0  0  0  0  0  0  0  0  0  0  2  1  0  0  0  0  2  0  0  0  4  0 
 0  0  0  1  2  0  0  0  0  1  3  2  0  0  0  0  0  0  0  0  0  0  0  0  0  2  0  2  0  0  0  0  0  0  0  0  0  0  2  2  0  0  0  0  1  0  0  0  4  1 
 0  0  0  1  2  0  0  0  0  3  3  6  0  0  4  0  0  0  0  4  0  0  0  0  0  2  0  0  0  0  0  0  0  0  0  0  0  0  2  1  0  0  0  0  1  0  0  0  4  1 
 0  0  0  1  1  0  0  0  0  2  2  4  0  0  8  0  0  0  0  4  0  0  0  0  0  4  0  2  0  0  0  0  0  0  0  0  0  0  2  1  0  0  0  0  1  0  0  0  4  1 
 0  0  0  1  1  0  0  0  0  2  2  4  0  0  8  0  0  0  0  4  0  0  0  0  0  4  0  2  0  0  0  0  0  0  0  0  0  0  2  1  0  0  0  0  1  0  0  0  4  1 
i 3
972
49 19 14 3 
 6  3  4  4  6  3  6  4  3  7  6  7  6  5  8  4  8  5  6  4  7  3  3  7  3  4  4  4  6  7  5  8  6  4  3  3  8  6  3  8  8  6  4  3  8  4  8  5  4  5 
 0  1  2  3  4  5  6  7  8  9 10 11 12 13 14 15 16 17 18 19 20 21 22 23 24 25 26 27 28 29 30 31 32 33 34 35 36 37 38 39 40 41 42 43 44 45 46 47 48 49 
 0  0  0  0  0  0  0  0  0  0  0  0  0  0  0  0  0  0  0  0  0  0  0  0  0  0  0  0  0  0  0  0  0  0  0  0  0  0  0  0  0  0  0  0  0  0  0  0  0  0 
 0  0  0  0  0  0  0  0  0  0  0  0  0  0  0  0  0  0  0  0  0  0  0  0  0  0  0  0  0  0  0  0  0  0  0  0  0  0  0  0  0  0  0  0  0  0  0  0  0  0 
 0  0  0  0  1  0  0  0  0  1  1  0  0  0  0  0  0  0  0  0  0  0  0  0  0  0  0  0  0  0  0  0  0  0  0  0  0  0  0  0  0  0  0  0  1  0  0  0  0  0 
 0  0  0  1  1  0  0  0  0  1  1  0  0  0  0  0  0  0  0  0  0  0  0  0  0  0  0  0  0  0  0  0  0  0  0  0  0  0  2  1  0  0  0  0  1  0  0  0  2  1 
 0  0  0  1  1  0  0  0  0  1  2  2  0  0  2  0  0  0  0  0  0  0  0  0  0  2  0  0  0  0  0  0  0  0  0  0  0  0  2  1  0  0  0  0  2  0  0  0  4  1 
 0  0  0  1  1  0  0  0  0  1  2  4  0  0  2  0  0  0  0  2  0  0  0  0  0  4  0  2  0  0  0  0  0  0  0  0  0  0  2  1  0  0  0  0  2  0  0  0  4  1 
 0  0  0  1  2  0  0  0  0  1  3  2  0  0  2  0  0  0  0  2  0  0  0  0  0  2  0  2  0  0  0  0  0  0  0  0  0  0  2  2  0  0  0  0  1  0  0  0  4  2 
 0  0  0  1  2  0  0  0  0  3  3  6  0  0  4  0  0  0  0  4  0  0  0  0  0  2  0  0  0  0  0  0  0  0  0  0  0  0  2  1  0  0  0  0  1  0  0  0  4  1 
 0  0  0  1  1  0  0  0  0  2  2  4  0  0  8  0  0  0  0  4  0  0  0  0  0  4  0  2  0  0  0  0  0  0  0  0  0  0  2  1  0  0  0  0  1  0  0  0  4  1 
 0  0  0  1  1  0  0  0  0  2  2  4  0  0  8  0  0  0  0  4  0  0  0  0  0  4  0  2  0  0  0  0  0  0  0  0  0  0  2  1  0  0  0  0  1  0  0  0  4  1 
i 3
990
49 19 27 39 
 6  3  4  4  6  3  6  4  3  7  6  7  6  5  8  4  8  5  6  4  7  3  3  7  3  4  4  4  6  7  5  8  6  4  3  3  8  6  3  8  8  6  4  3  8  4  8  5  4  5 
 0  1  2  3  4  5  6  7  8  9 10 11 12 13 14 15 16 17 18 19 20 21 22 23 24 25 26 27 28 29 30 31 32 33 34 35 36 37 38 39 40 41 42 43 44 45 46 47 48 49 
 0  0  0  0  0  0  0  0  0  0  0  0  0  0  0  0  0  0  0  0  0  0  0  0  0  0  0  0  0  0  0  0  0  0  0  0  0  0  0  0  0  0  0  0  0  0  0  0  0  0 
 0  0  0  0  0  0  0  0  0  0  0  0  0  0  0  0  0  0  0  0  0  0  0  0  0  0  0  0  0  0  0  0  0  0  0  0  0  0  0  0  0  0  0  0  0  0  0  0  0  0 
 0  0  0  0  1  0  0  0  0  1  1  0  0  0  0  0  0  0  0  0  0  0  0  0  0  0  0  0  0  0  0  0  0  0  0  0  0  0  0  0  0  0  0  0  1  0  0  0  0  0 
 0  0  0  1  1  0  0  0  0  1  1  0  0  0  0  0  0  0  0  0  0  0  0  0  0  0  0  0  0  0  0  0  0  0  0  0  0  0  2  1  0  0  0  0  1  0  0  0  2  2 
 0  0  0  1  1  0  0  0  0  1  2  2  0  0  2  0  0  0  0  0  0  0  0  0  0  2  0  2  0  0  0  0  0  0  0  0  0  0  2  1  0  0  0  0  2  0  0  0  4  2 
 0  0  0  1  1  0  0  0  0  1  2  4  0  0  2  0  0  0  0  4  0  0  0  0  0  4  0  4  0  0  0  0  0  0  0  0  0  0  2  1  0  0  0  0  2  0  0  0  4  2 
 0  0  0  1  2  0  0  0  0  1  3  2  0  0  2  0  0  0  0  4  0  0  0  0  0  2  0  4  0  0  0  0  0  0  0  0  0  0  2  1  0  0  0  0  1  0  0  0  4  3 
 0  0  0  1  2  0  0  0  0  3  3  6  0  0  4  0  0  0  0  4  0  0  0  0  0  2  0  0  0  0  0  0  0  0  0  0  0  0  2  1  0  0  0  0  1  0  0  0  4  1 
 0  0  0  1  1  0  0  0  0  2  2  4  0  0  8  0  0  0  0  4  0  0  0  0  0  4  0  2  0  0  0  0  0  0  0  0  0  0  2  1  0  0  0  0  1  0  0  0  4  1 
 0  0  0  1  1  0  0  0  0  2  2  4  0  0  8  0  0  0  0  4  0  0  0  0  0  4  0  2  0  0  0  0  0  0  0  0  0  0  2  1  0  0  0  0  1  0  0  0  4  1 
i 5
991
49 19 27 39 
 6  3  4  4  6  3  6  4  3  7  6  7  6  5  8  4  8  5  6  4  7  3  3  7  3  4  4  4  6  7  5  8  6  4  3  3  8  6  3  8  8  6  4  3  8  4  8  5  4  5 
 0  1  2  3  4  5  6  7  8  9 10 11 12 13 14 15 16 17 18 19 20 21 22 23 24 25 26 27 28 29 30 31 32 33 34 35 36 37 38 39 40 41 42 43 44 45 46 47 48 49 
 0  0  0  0  0  0  0  0  0  0  0  0  0  0  0  0  0  0  0  0  0  0  0  0  0  0  0  0  0  0  0  0  0  0  0  0  0  0  0  0  0  0  0  0  0  0  0  0  0  0 
 0  0  0  0  0  0  0  0  0  0  0  0  0  0  0  0  0  0  0  0  0  0  0  0  0  0  0  0  0  0  0  0  0  0  0  0  0  0  0  1  0  0  0  0  0  0  0  0  0  1 
 0  0  0  0  1  0  0  0  0  1  1  0  0  0  0  0  0  0  0  0  0  0  0  0  0  0  0  2  0  0  0  0  0  0  0  0  0  0  0  1  0  0  0  0  1  0  0  0  0  1 
 0  0  0  1  1  0  0  0  0  1  1  0  0  0  0  0  0  0  0  2  0  0  0  0  0  0  0  2  0  0  0  0  0  0  0  0  0  0  2  1  0  0  0  0  1  0  0  0  2  3 
 0  0  0  1  1  0  0  0  0  1  2  2  0  0  2  0  0  0  0  2  0  0  0  0  0  2  0  4  0  0  0  0  0  0  0  0  0  0  2  1  0  0  0  0  2  0  0  0  4  3 
 0  0  0  1  1  0  0  0  0  1  2  4  0  0  2  0  0  0  0  4  0  0  0  0  0  4  0  4  0  0  0  0  0  0  0  0  0  0  2  1  0  0  0  0  2  0  0  0  4  2 
 0  0  0  1  2  0  0  0  0  1  3  2  0  0  2  0  0  0  0  4  0  0  0  0  0  2  0  4  0  0  0  0  0  0  0  0  0  0  2  1  0  0  0  0  1  0  0  0  4  3 
 0  0  0  1  2  0  0  0  0  3  3  6  0  0  4  0  0  0  0  4  0  0  0  0  0  2  0  0  0  0  0  0  0  0  0  0  0  0  2  1  0  0  0  0  1  0  0  0  4  1 
 0  0  0  1  1  0  0  0  0  2  2  4  0  0  8  0  0  0  0  4  0  0  0  0  0  4  0  2  0  0  0  0  0  0  0  0  0  0  2  1  0  0  0  0  1  0  0  0  4  1 
 0  0  0  1  1  0  0  0  0  2  2  4  0  0  8  0  0  0  0  4  0  0  0  0  0  4  0  2  0  0  0  0  0  0  0  0  0  0  2  1  0  0  0  0  1  0  0  0  4  1 
i 6
992
49 19 27 39 
 6  3  4  4  6  3  6  4  3  7  6  7  6  5  8  4  8  5  6  4  7  3  3  7  3  4  4  4  6  7  5  8  6  4  3  3  8  6  3  8  8  6  4  3  8  4  8  5  4  5 
 0  1  2  3  4  5  6  7  8  9 10 11 12 13 14 15 16 17 18 19 20 21 22 23 24 25 26 27 28 29 30 31 32 33 34 35 36 37 38 39 40 41 42 43 44 45 46 47 48 49 
 0  0  0  0  0  0  0  0  0  0  0  0  0  0  0  0  0  0  0  0  0  0  0  0  0  0  0  0  0  0  0  0  0  0  0  0  0  0  0  1  0  0  0  0  0  0  0  0  0  1 
 0  0  0  0  0  0  0  0  0  0  0  0  0  0  0  0  0  0  0  0  0  0  0  0  0  0  0  2  0  0  0  0  0  0  0  0  0  0  0  1  0  0  0  0  0  0  0  0  0  2 
 0  0  0  0  1  0  0  0  0  1  1  0  0  0  0  0  0  0  0  2  0  0  0  0  0  0  0  4  0  0  0  0  0  0  0  0  0  0  0  1  0  0  0  0  1  0  0  0  0  2 
 0  0  0  1  1  0  0  0  0  1  1  0  0  0  0  0  0  0  0  4  0  0  0  0  0  0  0  4  0  0  0  0  0  0  0  0  0  0  2  1  0  0  0  0  1  0  0  0  2  4 
 0  0  0  1  1  0  0  0  0  1  2  2  0  0  2  0  0  0  0  2  0  0  0  0  0  2  0  4  0  0  0  0  0  0  0  0  0  0  2  1  0  0  0  0  2  0  0  0  4  3 
 0  0  0  1  1  0  0  0  0  1  2  4  0  0  2  0  0  0  0  4  0  0  0  0  0  4  0  4  0  0  0  0  0  0  0  0  0  0  2  1  0  0  0  0  2  0  0  0  4  2 
 0  0  0  1  2  0  0  0  0  1  3  2  0  0  2  0  0  0  0  4  0  0  0  0  0  2  0  4  0  0  0  0  0  0  0  0  0  0  2  1  0  0  0  0  1  0  0  0  4  3 
 0  0  0  1  2  0  0  0  0  3  3  6  0  0  4  0  0  0  0  4  0  0  0  0  0  2  0  0  0  0  0  0  0  0  0  0  0  0  2  1  0  0  0  0  1  0  0  0  4  1 
 0  0  0  1  1  0  0  0  0  2  2  4  0  0  8  0  0  0  0  4  0  0  0  0  0  4  0  2  0  0  0  0  0  0  0  0  0  0  2  1  0  0  0  0  1  0  0  0  4  1 
 0  0  0  1  1  0  0  0  0  2  2  4  0  0  8  0  0  0  0  4  0  0  0  0  0  4  0  2  0  0  0  0  0  0  0  0  0  0  2  1  0  0  0  0  1  0  0  0  4  1 
i 6
230
9 48 14 3 34 
 6  3  4  4  6  3  6  4  3  7  6  7  6  5  8  4  8  5  6  4  7  3  3  7  3  4  4  4  6  7  5  8  6  4  3  3  8  6  3  8  8  6  4  3  8  4  8  5  4  5 
 0  1  2  3  4  5  6  7  8  9 10 11 12 13 14 15 16 17 18 19 20 21 22 23 24 25 26 27 28 29 30 31 32 33 34 35 36 37 38 39 40 41 42 43 44 45 46 47 48 49 
 0  0  0  0  0  0  0  0  0  1  0  0  0  0  0  0  0  0  0  0  0  0  0  0  0  0  0  0  0  0  0  0  0  0  1  0  0  0  0  1  0  0  0  0  0  0  0  0  0  1 
 0  0  0  0  0  0  0  0  0  1  0  0  0  0  2  0  0  0  0  0  0  0  0  0  0  0  0  2  0  0  0  0  0  0  1  0  0  0  0  1  0  0  0  0  0  0  0  0  0  2 
 0  0  0  2  1  0  0  0  0  2  1  0  0  0  2  0  0  0  0  2  0  0  0  0  0  0  0  4  0  0  0  0  0  0  1  0  0  0  0  1  0  0  0  0  1  0  0  0  2  2 
 0  0  0  3  1  0  0  0  0  2  1  0  0  0  2  0  0  0  0  4  0  0  0  0  0  0  0  4  0  0  0  0  0  0  1  0  0  0  2  1  0  0  0  0  1  0  0  0  4  4 
 0  0  0  1  1  0  0  0  0  1  2  2  0  0  2  0  0  0  0  2  0  0  0  0  0  2  0  4  0  0  0  0  0  0  0  0  0  0  2  1  0  0  0  0  2  0  0  0  4  3 
 0  0  0  1  1  0  0  0  0  1  2  4  0  0  2  0  0  0  0  4  0  0  0  0  0  4  0  4  0  0  0  0  0  0  0  0  0  0  2  1  0  0  0  0  2  0  0  0  4  2 
 0  0  0  1  2  0  0  0  0  1  3  2  0  0  2  0  0  0  0  4  0  0  0  0  0  2  0  4  0  0  0  0  0  0  0  0  0  0  2  1  0  0  0  0  1  0  0  0  4  3 
 0  0  0  1  2  0  0  0  0  3  3  6  0  0  4  0  0  0  0  4  0  0  0  0  0  2  0  0  0  0  0  0  0  0  0  0  0  0  2  1  0  0  0  0  1  0  0  0  4  1 
 0  0  0  1  1  0  0  0  0  2  2  4  0  0  8  0  0  0  0  4  0  0  0  0  0  4  0  2  0  0  0  0  0  0  0  0  0  0  2  1  0  0  0  0  1  0  0  0  4  1 
 0  0  0  1  1  0  0  0  0  2  2  4  0  0  8  0  0  0  0  4  0  0  0  0  0  4  0  2  0  0  0  0  0  0  0  0  0  0  2  1  0  0  0  0  1  0  0  0  4  1 
i 2
240
10 25 40 14 3 
 6  3  4  4  6  3  6  4  3  7  6  7  6  5  8  4  8  5  6  4  7  3  3  7  3  4  4  4  6  7  5  8  6  4  3  3  8  6  3  8  8  6  4  3  8  4  8  5  4  5 
 0  1  2  3  4  5  6  7  8  9 10 11 12 13 14 15 16 17 18 19 20 21 22 23 24 25 26 27 28 29 30 31 32 33 34 35 36 37 38 39 40 41 42 43 44 45 46 47 48 49 
 0  0  0  0  0  0  0  0  0  1  0  0  0  0  0  0  0  0  0  0  0  0  0  0  0  0  0  0  0  0  0  0  0  0  1  0  0  0  0  1  0  0  0  0  0  0  0  0  0  1 
 0  0  0  0  0  0  0  0  0  1  0  0  0  0  2  0  0  0  0  0  0  0  0  0  0  0  0  2  0  0  0  0  0  0  1  0  0  0  0  1  0  0  0  0  0  0  0  0  0  2 
 0  0  0  2  1  0  0  0  0  2  1  0  0  0  2  0  0  0  0  2  0  0  0  0  0  0  0  4  0  0  0  0  0  0  1  0  0  0  0  1  0  0  0  0  1  0  0  0  2  2 
 0  0  0  3  1  0  0  0  0  2  1  0  0  0  2  0  0  0  0  4  0  0  0  0  0  0  0  4  0  0  0  0  0  0  1  0  0  0  2  1  0  0  0  0  1  0  0  0  4  4 
 0  0  0  1  1  0  0  0  0  1  3  2  0  0  2  0  0  0  0  2  0  0  0  0  0  2  0  4  0  0  0  0  0  0  0  0  0  0  2  1  0  0  0  0  2  0  0  0  4  3 
 0  0  0  1  1  0  0  0  0  1  3  4  0  0  2  0  0  0  0  4  0  0  0  0  0  4  0  4  0  0  0  0  0  0  0  0  0  0  2  1  2  0  0  0  2  0  0  0  4  2 
 0  0  0  1  2  0  0  0  0  1  4  2  0  0  4  0  0  0  0  4  0  0  0  0  0  4  0  4  0  0  0  0  0  0  0  0  0  0  2  1  2  0  0  0  1  0  0  0  4  3 
 0  0  0  1  2  0  0  0  0  3  4  6  0  0  6  0  0  0  0  4  0  0  0  0  0  4  0  0  0  0  0  0  0  0  0  0  0  0  2  1  2  0  0  0  1  0  0  0  4  1 
 0  0  0  1  1  0  0  0  0  2  2  4  0  0  8  0  0  0  0  4  0  0  0  0  0  4  0  2  0  0  0  0  0  0  0  0  0  0  2  1  0  0  0  0  1  0  0  0  4  1 
 0  0  0  1  1  0  0  0  0  2  2  4  0  0  8  0  0  0  0  4  0  0  0  0  0  4  0  2  0  0  0  0  0  0  0  0  0  0  2  1  0  0  0  0  1  0  0  0  4  1 
i 5
243
10 25 11 44 6 
 6  3  4  4  6  3  6  4  3  7  6  7  6  5  8  4  8  5  6  4  7  3  3  7  3  4  4  4  6  7  5  8  6  4  3  3  8  6  3  8  8  6  4  3  8  4  8  5  4  5 
 0  1  2  3  4  5  6  7  8  9 10 11 12 13 14 15 16 17 18 19 20 21 22 23 24 25 26 27 28 29 30 31 32 33 34 35 36 37 38 39 40 41 42 43 44 45 46 47 48 49 
 0  0  0  0  0  0  0  0  0  1  0  0  0  0  0  0  0  0  0  0  0  0  0  0  0  0  0  0  0  0  0  0  0  0  1  0  0  0  0  1  0  0  0  0  0  0  0  0  0  1 
 0  0  0  0  0  0  1  0  0  1  1  0  0  0  2  0  0  0  0  0  0  0  0  0  0  0  0  2  0  0  0  0  0  0  1  0  0  0  0  1  0  0  0  0  0  0  0  0  0  2 
 0  0  0  2  1  0  1  0  0  2  2  2  0  0  2  0  0  0  0  2  0  0  0  0  0  0  0  4  0  0  0  0  0  0  1  0  0  0  0  1  0  0  0  0  1  0  0  0  2  2 
 0  0  0  3  1  0  1  0  0  2  2  2  0  0  2  0  0  0  0  4  0  0  0  0  0  2  0  4  0  0  0  0  0  0  1  0  0  0  2  1  0  0  0  0  3  0  0  0  4  4 
 0  0  0  1  1  0  1  0  0  1  4  4  0  0  2  0  0  0  0  2  0  0  0  0  0  4  0  4  0  0  0  0  0  0  0  0  0  0  2  1  0  0  0  0  4  0  0  0  4  3 
 0  0  0  1  1  0  0  0  0  1  3  4  0  0  2  0  0  0  0  4  0  0  0  0  0  4  0  4  0  0  0  0  0  0  0  0  0  0  2  1  2  0  0  0  2  0  0  0  4  2 
 0  0  0  1  2  0  0  0  0  1  4  2  0  0  4  0  0  0  0  4  0  0  0  0  0  4  0  4  0  0  0  0  0  0  0  0  0  0  2  1  2  0  0  0  1  0  0  0  4  3 
 0  0  0  1  2  0  0  0  0  3  4  6  0  0  6  0  0  0  0  4  0  0  0  0  0  4  0  0  0  0  0  0  0  0  0  0  0  0  2  1  2  0  0  0  1  0  0  0  4  1 
 0  0  0  1  1  0  0  0  0  2  2  4  0  0  8  0  0  0  0  4  0  0  0  0  0  4  0  2  0  0  0  0  0  0  0  0  0  0  2  1  0  0  0  0  1  0  0  0  4  1 
 0  0  0  1  1  0  0  0  0  2  2  4  0  0  8  0  0  0  0  4  0  0  0  0  0  4  0  2  0  0  0  0  0  0  0  0  0  0  2  1  0  0  0  0  1  0  0  0  4  1 
i 6
244
10 25 11 44 6 
 6  3  4  4  6  3  6  4  3  7  6  7  6  5  8  4  8  5  6  4  7  3  3  7  3  4  4  4  6  7  5  8  6  4  3  3  8  6  3  8  8  6  4  3  8  4  8  5  4  5 
 0  1  2  3  4  5  6  7  8  9 10 11 12 13 14 15 16 17 18 19 20 21 22 23 24 25 26 27 28 29 30 31 32 33 34 35 36 37 38 39 40 41 42 43 44 45 46 47 48 49 
 0  0  0  0  0  0  1  0  0  1  1  0  0  0  0  0  0  0  0  0  0  0  0  0  0  0  0  0  0  0  0  0  0  0  1  0  0  0  0  1  0  0  0  0  0  0  0  0  0  1 
 0  0  0  0  0  0  1  0  0  1  2  2  0  0  2  0  0  0  0  0  0  0  0  0  0  0  0  2  0  0  0  0  0  0  1  0  0  0  0  1  0  0  0  0  0  0  0  0  0  2 
 0  0  0  2  1  0  1  0  0  2  3  4  0  0  2  0  0  0  0  2  0  0  0  0  0  2  0  4  0  0  0  0  0  0  1  0  0  0  0  1  0  0  0  0  3  0  0  0  2  2 
 0  0  0  3  1  0  1  0  0  2  3  4  0  0  2  0  0  0  0  4  0  0  0  0  0  4  0  4  0  0  0  0  0  0  1  0  0  0  2  1  0  0  0  0  5  0  0  0  4  4 
 0  0  0  1  1  0  1  0  0  1  4  4  0  0  2  0  0  0  0  2  0  0  0  0  0  4  0  4  0  0  0  0  0  0  0  0  0  0  2  1  0  0  0  0  4  0  0  0  4  3 
 0  0  0  1  1  0  0  0  0  1  3  4  0  0  2  0  0  0  0  4  0  0  0  0  0  4  0  4  0  0  0  0  0  0  0  0  0  0  2  1  2  0  0  0  2  0  0  0  4  2 
 0  0  0  1  2  0  0  0  0  1  4  2  0  0  4  0  0  0  0  4  0  0  0  0  0  4  0  4  0  0  0  0  0  0  0  0  0  0  2  1  2  0  0  0  1  0  0  0  4  3 
 0  0  0  1  2  0  0  0  0  3  4  6  0  0  6  0  0  0  0  4  0  0  0  0  0  4  0  0  0  0  0  0  0  0  0  0  0  0  2  1  2  0  0  0  1  0  0  0  4  1 
 0  0  0  1  1  0  0  0  0  2  2  4  0  0  8  0  0  0  0  4  0  0  0  0  0  4  0  2  0  0  0  0  0  0  0  0  0  0  2  1  0  0  0  0  1  0  0  0  4  1 
 0  0  0  1  1  0  0  0  0  2  2  4  0  0  8  0  0  0  0  4  0  0  0  0  0  4  0  2  0  0  0  0  0  0  0  0  0  0  2  1  0  0  0  0  1  0  0  0  4  1 
i 3
95
3 14 40 11 44 
 6  3  4  4  6  3  6  4  3  7  6  7  6  5  8  4  8  5  6  4  7  3  3  7  3  4  4  4  6  7  5  8  6  4  3  3  8  6  3  8  8  6  4  3  8  4  8  5  4  5 
 0  1  2  3  4  5  6  7  8  9 10 11 12 13 14 15 16 17 18 19 20 21 22 23 24 25 26 27 28 29 30 31 32 33 34 35 36 37 38 39 40 41 42 43 44 45 46 47 48 49 
 0  0  0  0  0  0  1  0  0  1  1  0  0  0  0  0  0  0  0  0  0  0  0  0  0  0  0  0  0  0  0  0  0  0  1  0  0  0  0  1  0  0  0  0  0  0  0  0  0  1 
 0  0  0  0  0  0  1  0  0  1  2  2  0  0  2  0  0  0  0  0  0  0  0  0  0  0  0  2  0  0  0  0  0  0  1  0  0  0  0  1  0  0  0  0  0  0  0  0  0  2 
 0  0  0  2  1  0  1  0  0  2  3  4  0  0  2  0  0  0  0  2  0  0  0  0  0  2  0  4  0  0  0  0  0  0  1  0  0  0  0  1  0  0  0  0  3  0  0  0  2  2 
 0  0  0  4  1  0  1  0  0  2  3  4  0  0  2  0  0  0  0  4  0  0  0  0  0  4  0  4  0  0  0  0  0  0  1  0  0  0  2  1  0  0  0  0  1  0  0  0  4  4 
 0  0  0  2  1  0  1  0  0  1  4  4  0  0  2  0  0  0  0  2  0  0  0  0  0  4  0  4  0  0  0  0  0  0  0  0  0  0  2  1  2  0  0  0  1  0  0  0  4  3 
 0  0  0  2  1  0  0  0  0  1  3  6  0  0  4  0  0  0  0  4  0  0  0  0  0  4  0  4  0  0  0  0  0  0  0  0  0  0  2  1  4  0  0  0  1  0  0  0  4  2 
 0  0  0  2  2  0  0  0  0  1  4  4  0  0  6  0  0  0  0  4  0  0  0  0  0  4  0  4  0  0  0  0  0  0  0  0  0  0  2  1  4  0  0  0  1  0  0  0  4  3 
 0  0  0  1  2  0  0  0  0  3  4  6  0  0  6  0  0  0  0  4  0  0  0  0  0  4  0  0  0  0  0  0  0  0  0  0  0  0  2  1  2  0  0  0  1  0  0  0  4  1 
 0  0  0  1  1  0  0  0  0  2  2  4  0  0  8  0  0  0  0  4  0  0  0  0  0  4  0  2  0  0  0  0  0  0  0  0  0  0  2  1  0  0  0  0  1  0  0  0  4  1 
 0  0  0  1  1  0  0  0  0  2  2  4  0  0  8  0  0  0  0  4  0  0  0  0  0  4  0  2  0  0  0  0  0  0  0  0  0  0  2  1  0  0  0  0  1  0  0  0  4  1 
i 0
784
39 27 40 11 44 
 6  3  4  4  6  3  6  4  3  7  6  7  6  5  8  4  8  5  6  4  7  3  3  7  3  4  4  4  6  7  5  8  6  4  3  3  8  6  3  8  8  6  4  3  8  4  8  5  4  5 
 0  1  2  3  4  5  6  7  8  9 10 11 12 13 14 15 16 17 18 19 20 21 22 23 24 25 26 27 28 29 30 31 32 33 34 35 36 37 38 39 40 41 42 43 44 45 46 47 48 49 
 0  0  0  0  0  0  1  0  0  1  1  0  0  0  0  0  0  0  0  0  0  0  0  0  0  0  0  0  0  0  0  0  0  0  1  0  0  0  0  1  0  0  0  0  0  0  0  0  0  1 
 0  0  0  0  0  0  1  0  0  1  2  2  0  0  2  0  0  0  0  0  0  0  0  0  0  0  0  2  0  0  0  0  0  0  1  0  0  0  0  1  0  0  0  0  0  0  0  0  0  2 
 0  0  0  2  1  0  1  0  0  2  3  4  0  0  2  0  0  0  0  2  0  0  0  0  0  2  0  4  0  0  0  0  0  0  1  0  0  0  0  1  0  0  0  0  3  0  0  0  2  2 
 0  0  0  4  1  0  1  0  0  2  3  4  0  0  2  0  0  0  0  4  0  0  0  0  0  4  0  4  0  0  0  0  0  0  1  0  0  0  2  1  0  0  0  0  1  0  0  0  4  4 
 0  0  0  2  1  0  1  0  0  1  4  4  0  0  2  0  0  0  0  2  0  0  0  0  0  4  0  4  0  0  0  0  0  0  0  0  0  0  2  1  2  0  0  0  1  0  0  0  4  3 
 0  0  0  2  1  0  0  0  0  1  3  6  0  0  4  0  0  0  0  4  0  0  0  0  0  4  0  4  0  0  0  0  0  0  0  0  0  0  2  1  4  0  0  0  1  0  0  0  4  2 
 0  0  0  2  2  0  0  0  0  1  4  4  0  0  6  0  0  0  0  4  0  0  0  0  0  4  0  4  0  0  0  0  0  0  0  0  0  0  2  2  4  0  0  0  1  0  0  0  4  3 
 0  0  0  1  2  0  0  0  0  3  4  6  0  0  6  0  0  0  0  4  0  0  0  0  0  4  0  0  0  0  0  0  0  0  0  0  0  0  2  2  4  0  0  0  1  0  0  0  4  1 
 0  0  0  1  1  0  0  0  0  2  2  6  0  0  8  0  0  0  0  4  0  0  0  0  0  4  0  4  0  0  0  0  0  0  0  0  0  0  2  2  2  0  0  0  1  0  0  0  4  1 
 0  0  0  1  1  0  0  0  0  2  2  6  0  0  8  0  0  0  0  4  0  0  0  0  0  4  0  4  0  0  0  0  0  0  0  0  0  0  2  2  2  0  0  0  1  0  0  0  4  1 
i 5
862
44 11 40 14 3 
 6  3  4  4  6  3  6  4  3  7  6  7  6  5  8  4  8  5  6  4  7  3  3  7  3  4  4  4  6  7  5  8  6  4  3  3  8  6  3  8  8  6  4  3  8  4  8  5  4  5 
 0  1  2  3  4  5  6  7  8  9 10 11 12 13 14 15 16 17 18 19 20 21 22 23 24 25 26 27 28 29 30 31 32 33 34 35 36 37 38 39 40 41 42 43 44 45 46 47 48 49 
 0  0  0  0  0  0  1  0  0  1  1  0  0  0  0  0  0  0  0  0  0  0  0  0  0  0  0  0  0  0  0  0  0  0  1  0  0  0  0  1  0  0  0  0  0  0  0  0  0  1 
 0  0  0  1  0  0  1  0  0  1  2  2  0  0  2  0  0  0  0  0  0  0  0  0  0  0  0  2  0  0  0  0  0  0  1  0  0  0  0  1  0  0  0  0  1  0  0  0  0  2 
 0  0  0  1  1  0  1  0  0  2  3  4  0  0  2  0  0  0  0  2  0  0  0  0  0  2  0  4  0  0  0  0  0  0  1  0  0  0  0  1  2  0  0  0  4  0  0  0  2  2 
 0  0  0  1  1  0  1  0  0  2  3  6  0  0  4  0  0  0  0  4  0  0  0  0  0  4  0  4  0  0  0  0  0  0  1  0  0  0  2  1  2  0  0  0  2  0  0  0  4  4 
 0  0  0  1  1  0  1  0  0  1  4  6  0  0  4  0  0  0  0  2  0  0  0  0  0  4  0  4  0  0  0  0  0  0  0  0  0  0  2  1  4  0  0  0  2  0  0  0  4  3 
 0  0  0  2  1  0  0  0  0  1  3  6  0  0  4  0  0  0  0  4  0  0  0  0  0  4  0  4  0  0  0  0  0  0  0  0  0  0  2  1  4  0  0  0  1  0  0  0  4  2 
 0  0  0  2  2  0  0  0  0  1  4  4  0  0  6  0  0  0  0  4  0  0  0  0  0  4  0  4  0  0  0  0  0  0  0  0  0  0  2  2  4  0  0  0  1  0  0  0  4  3 
 0  0  0  1  2  0  0  0  0  3  4  6  0  0  6  0  0  0  0  4  0  0  0  0  0  4  0  0  0  0  0  0  0  0  0  0  0  0  2  2  4  0  0  0  1  0  0  0  4  1 
 0  0  0  1  1  0  0  0  0  2  2  6  0  0  8  0  0  0  0  4  0  0  0  0  0  4  0  4  0  0  0  0  0  0  0  0  0  0  2  2  2  0  0  0  1  0  0  0  4  1 
 0  0  0  1  1  0  0  0  0  2  2  6  0  0  8  0  0  0  0  4  0  0  0  0  0  4  0  4  0  0  0  0  0  0  0  0  0  0  2  2  2  0  0  0  1  0  0  0  4  1 
23
