410420056
412410004
412410033
412410001
412410013
412410039
412410053
410410071
411422047
412410049
412410085
410410045
412410020
412410037
412410083
412422079
412315025
412410016
412410079
411210002
409420085
412410003
412410043
412410070
410510008
411520042
412410062
412410094
410420121
412410029
412410044
411110051
412410077
411410076
412410019
412410073
412410024
412410068
412410034
410530037
412410041
411410028
412410014
412910008
412410012
412410038
412410046
412410905
412410906
412410903
410110025
412410904
410315008
411125028
412410076
411335022
411410105
412736032
410235011
412410036
412410096
410736030
412410060
411315011
412410066
412410901
411210004
412125045
410420053
411410093
412410006
412410018
412910030
410315013
412410069
412530036
412410051
412410074
411410022
412410067
412410902
412910010
412410055
411315044
411410104
412410010
412410052
411520039
412410078
409110035
411530047
412910027
412210026
412410072
409410018
410410090
411410025
411410026
411410051
411410077
411410080
411530010