418
1 242
2 1155442
2 9353311
2 4352665
2 414811
1 308
2 3819074
1 80
1 172
2 451890
1 109
2 6936335
1 264
1 413
1 15
1 87
2 7366605
1 384
1 303
2 1960336
1 408
1 119
1 207
1 3
1 260
1 59
1 90
2 6647827
2 1914469
2 5218051
2 9821038
1 263
2 3755306
1 415
1 322
1 99
2 7198612
1 344
1 123
1 91
1 282
1 126
2 7217846
2 9662199
2 2957568
1 382
1 353
2 2070540
2 4625457
2 1016769
1 407
1 140
2 4377031
2 2045894
1 2
2 7366823
2 3248516
1 149
2 110143
1 110
2 714275
2 8049030
1 167
2 9718107
1 286
2 8710748
1 61
1 244
2 2605775
2 144065
2 3651780
2 7854858
2 6892526
2 7133545
2 9073388
1 374
2 703040
1 204
2 5865504
2 4469097
2 8341594
1 304
2 6700035
1 69
2 4276445
1 234
1 62
1 412
2 2272377
2 5780907
2 6266155
2 9797471
2 576501
1 12
1 38
1 278
1 335
2 9630793
1 101
2 1510151
2 2443112
1 36
1 77
2 206663
2 4867953
2 2174422
1 60
1 279
2 3927167
1 206
1 114
2 6594380
1 185
2 6789557
1 20
2 7319737
2 4951280
2 7511181
1 169
2 1135269
1 79
2 717926
1 343
1 51
1 389
2 5873819
2 4062446
1 235
2 3381992
2 3045660
2 2623152
2 6432254
1 227
1 297
1 325
2 8689369
1 311
2 5215858
2 9390496
1 158
2 7335148
1 331
1 153
1 249
2 2992399
1 243
2 7364267
2 7053468
2 7874786
1 64
1 200
2 2226789
1 21
1 89
2 5102285
1 189
2 8076542
1 148
2 4636941
2 8556899
2 273124
2 670043
1 122
1 314
2 1125401
2 9433324
2 5024461
1 416
1 352
1 144
2 1625091
1 168
1 50
1 229
1 281
1 96
1 58
1 48
1 354
1 375
2 8076374
1 388
2 8042587
2 6878526
2 1294500
2 7763091
2 717475
2 4426764
2 1902182
2 4303171
1 94
1 19
1 115
2 6786940
1 402
1 150
1 187
2 5908214
2 9909208
2 9947923
1 236
1 42
1 65
2 2483372
1 349
1 31
2 6245348
2 1989789
1 219
1 253
1 378
1 350
1 145
2 1956576
2 5569945
1 157
2 8652639
1 7
2 8965433
2 4194966
2 7862504
1 16
2 2704243
2 1424732
1 181
2 5464038
1 176
2 200061
2 6190157
1 255
2 7529729
2 5290628
1 305
2 3663878
1 332
1 30
1 240
1 107
2 1314316
2 6888979
1 351
2 7526520
1 139
2 6996199
1 217
1 409
1 376
2 1426643
1 338
2 8178772
2 9232051
1 27
1 199
2 3717984
1 180
2 7100871
1 54
2 6682479
1 414
1 78
1 134
1 92
1 70
1 226
1 225
2 9390842
1 367
2 5905818
1 257
2 1053143
1 44
1 355
1 37
1 232
2 76453
2 4133794
2 5763713
1 52
2 6962218
2 1745189
1 205
1 290
2 6494362
1 259
1 316
1 313
2 6105999
1 143
1 1
2 5594495
1 95
1 299
1 45
1 216
2 8375620
1 137
2 2719350
1 233
1 252
1 83
2 6534246
2 2382695
1 100
1 76
1 81
2 2251395
1 230
2 6328401
1 105
1 258
2 8457195
2 5445659
2 4673276
1 333
1 250
2 4049034
1 405
1 129
1 133
2 4698051
2 4579232
1 186
1 72
2 8649618
1 370
2 6601431
2 240565
1 39
2 1053701
1 231
1 127
1 400
1 75
1 246
2 3592721
2 5782539
2 6247288
1 103
1 117
1 395
2 9664954
2 6432340
2 3135321
1 164
2 3630630
2 1112957
2 2240317
1 272
1 302
2 9187865
2 7770386
1 339
1 194
2 535057
1 280
1 418
1 11
1 165
2 7011498
1 417
2 6322378
1 108
1 192
1 390
2 846005
1 371
1 63
2 3471996
1 74
2 5386313
1 307
1 6
1 342
1 276
2 5097163
1 361
2 9449997
2 6926199
1 128
2 75054
2 7658037
2 8953104
2 4269074
2 7085997
2 1271769
1 210
2 6019036
1 154
1 221
1 224
2 6773615
1 183
1 315
2 4310834
2 2206531
1 369
2 504443
2 8956666
1 254
2 6477733
2 84911
2 1918061
1 329
1 23
1 309
1 396
1 237
1 32
1 323
1 177
2 5955002
2 3515601
1 398
2 8993093
2 8065200
2 7941921
1 136
2 1620321

