683
1 547
1 401
2 2221631
2 956010
2 8302078
1 77
1 490
2 1717576
1 35
1 529
1 23
1 165
2 9709622
2 4595553
1 121
1 351
2 8441653
1 610
1 167
2 5409141
1 283
2 8043487
2 1380826
1 523
1 474
2 8554093
2 6984358
2 6644369
2 1817026
1 339
2 5391752
2 8037605
2 3093900
1 393
1 250
2 8265160
2 4529220
2 7975480
2 9903721
1 650
2 869881
2 3076124
2 2028890
1 253
1 295
2 110463
1 348
1 52
1 218
2 2162488
1 537
2 3199217
1 432
2 7263799
2 6324874
2 7449531
1 446
2 1439315
2 5862236
1 126
2 9206372
1 31
2 2548983
2 1802938
1 354
1 237
1 540
1 46
2 5266074
2 1932823
2 5801791
1 373
1 437
2 3629677
1 592
2 5546640
1 110
1 238
1 257
2 2727053
2 3955990
1 495
1 210
1 43
1 122
1 390
2 9633445
1 589
2 7420630
1 612
2 2039497
1 337
1 382
1 484
1 414
2 6463040
2 310857
2 4082000
1 177
1 112
2 8819725
1 141
2 1881013
2 3166281
2 7691567
2 2063557
1 224
1 309
1 50
2 4791046
1 481
2 1513501
2 7326184
1 622
1 157
1 424
2 2077202
2 4046793
1 191
1 175
1 359
2 5061743
1 12
1 648
1 494
2 7485309
2 5452117
1 644
2 5705865
2 3228113
2 206577
2 3924139
1 420
1 678
2 183233
2 6191413
1 341
2 2256706
2 4922443
1 647
2 6560954
1 235
1 220
2 848322
1 518
1 398
2 9954504
2 774357
2 3352695
1 131
1 48
1 294
1 80
2 9047158
1 663
2 3215863
2 9962470
2 1366014
1 436
2 3036478
2 1161837
2 5908445
2 3710969
2 7043741
2 4337892
2 8307255
1 125
2 9644464
2 2549731
1 617
1 127
1 145
1 557
1 149
2 5987861
2 9716360
2 1647048
1 189
2 4759031
2 7974703
2 5099000
1 24
1 293
2 5457241
1 291
1 115
2 207317
2 8190211
1 350
2 1026370
2 2355573
2 2103143
1 383
2 5359099
1 265
1 277
2 1029154
1 673
1 247
1 639
2 7029623
2 8759972
2 1013502
2 1324070
1 371
2 7741832
1 347
2 5357393
1 108
1 585
1 657
2 8800520
2 4735903
1 168
2 8330240
1 491
2 7474552
1 571
2 8282798
2 4045471
2 1565779
2 5061046
2 3060926
1 651
1 68
2 6263887
2 7342775
2 9143712
1 211
2 6900486
2 9667644
1 682
1 255
2 3090844
1 171
2 2149087
1 304
1 534
2 2329716
1 72
1 412
1 581
2 1662828
1 522
1 300
1 527
1 561
2 456511
2 5088813
1 362
2 8601961
2 2241389
1 2
2 4997789
1 109
2 1803224
1 568
2 993435
1 462
2 1495626
1 181
2 9399136
2 2969020
1 470
1 61
2 4422344
2 2237977
1 184
1 243
2 8691743
2 6752353
1 94
1 369
2 1912828
2 6876672
2 9078928
2 79058
1 562
1 11
1 516
1 458
2 1229231
1 37
2 9744990
1 625
2 7554350
1 681
1 268
2 8479400
2 1087250
2 3325698
2 8269993
2 5360867
1 608
1 619
1 15
1 675
2 2506083
1 215
1 278
1 643
1 281
2 7673560
1 475
2 5645971
2 1162668
1 104
2 8522403
2 5025085
2 8101720
2 7680214
1 190
2 4268889
1 216
1 87
2 3064733
1 533
2 7809693
1 406
2 9812666
2 8872146
2 3625596
1 53
1 429
1 41
1 9
1 476
2 6597390
1 151
2 4127724
1 284
2 7263947
2 7705985
1 418
2 8195810
1 659
2 5097689
1 358
2 9423712
2 8360335
2 6628274
1 551
2 9853461
2 8082084
2 8871617
2 5828085
2 1322374
2 8335387
1 346
2 3769455
2 8498657
1 39
1 103
1 433
1 580
1 593
1 683
1 445
2 710104
2 3757225
1 616
1 99
1 384
1 425
2 4210206
1 74
2 9624933
1 199
2 3483176
2 8923385
1 400
1 314
2 4726765
2 5701855
1 508
1 311
1 328
2 6456085
2 2649009
1 505
1 478
2 3888251
2 7156253
2 2959532
1 361
2 807714
2 6710850
2 63161
2 3629877
2 2316557
1 461
1 338
2 5662012
1 264
2 5048204
1 174
2 2260799
1 368
2 5367361
2 9693908
2 3306424
1 303
2 5124326
2 8484316
1 574
1 333
2 2818280
1 60
1 554
1 306
2 791572
1 590
1 49
2 3577714
1 452
1 375
1 626
2 3013185
1 385
1 331
2 7587559
1 355
2 3025600
1 504
1 150
1 10
1 88
1 521
1 463
2 2912027
2 1681982
2 7363876
2 6157778
1 139
1 621
2 9240573
1 322
1 649
1 635
1 492
1 57
2 3696073
2 9565050
1 486
2 8353894
2 5191839
1 6
2 3999284
2 5040682
2 3039542
1 158
2 3544851
1 629
1 36
2 6144834
1 573
2 7835166
1 323
1 91
1 166
2 6048411
2 6894986
2 2822969
2 7012114
1 340
2 5348520
1 252
1 600
2 9686566
1 3
1 497
2 3049835
2 6938695
2 7115703
1 662
1 356
1 133
1 467
1 618
1 27
1 560
2 8915453
2 2251150
2 7014412
1 267
1 388
2 768389
1 20
1 146
1 654
2 8970013
1 556
2 1674855
2 6738383
1 1
2 3658114
2 1304864
2 7701219
1 496
2 4398398
1 310
1 576
1 559
1 638
1 587
1 468
1 519
2 8934421
2 6420280
2 4806560
1 143
1 477
2 5424538
1 153
2 313277
1 198
1 501
2 4813109
2 8823645
2 7646847
1 464
2 1586967
2 225091
1 54
1 428
1 288
1 195
2 5099482
1 301
2 317280
1 124
1 563
1 588
2 4926190
1 164
2 3838630
2 7328167
2 4178557
1 30
2 4730913
2 1927516
2 4406541
2 2471776
1 130
1 360
1 404
1 160
1 343
1 514
2 2472347
1 372
1 613
2 5262697
1 329
2 2673171
2 2756934
2 8790505
1 44
2 209682
1 318
2 8214098
1 632
2 1758342
1 208
1 56
1 42
2 7658827
2 2031246
1 82
1 290
2 7831048
1 546
1 472
1 434
2 5768818
1 319
2 8768743
1 374
1 387
1 240
1 169
1 86
1 366
2 8730299
2 3106094
1 63
1 4
1 258
2 9644425
2 6628558
1 542
1 545
1 578
2 3851696
1 312
1 627
1 59
1 13
1 658
2 4208499
1 480
2 6766860
2 7591948
2 6577741
1 530
1 378
1 487
1 269
2 7074879
2 1608846
1 399
1 668
2 4188308
1 51
2 992818
1 136
1 380
1 185
1 221
2 562740
2 4812974
2 7253721
1 500
1 535
1 407
1 8
2 618032
2 102160
2 4318522
2 1899056
1 298
1 144
2 431668
2 8438279
1 438
1 233
2 7557169
1 566
2 6313055
1 479
1 172
2 8730053
2 8422075
1 282
1 567
1 364
2 9025739
2 2522917
2 5819433
1 236
1 16
1 120
2 2899958
2 4160494
2 3912072
2 264279
1 178
2 5865945
2 4105291
2 8260507
2 8410652
2 7842919
1 40
2 2425436
1 113
2 9379780
1 550
2 1281597
1 413
1 389
2 6050282
1 286
2 8656017
1 67
2 1568804
2 6449101
1 451
2 1273080
1 307
2 4769816
2 8195338
1 410
1 680

