545
1496760 is not in tree
545 204
545 204 326
5679528 is not in tree
545 204 326 333
545 204 5
545 629
545 629 599
545 204 326 241
545 629 599 581
545 204 5 200
545 629 599 581 553
545 204 5 200 153
545 204 326 333 414
5576291 is not in tree
545 629 695
8797209 is not in tree
9280773 is not in tree
545 204 5 200 153 144
6967199 is not in tree
545 204 5 200 202
545 629 599 618
545 204 326 333 414 417
9562194 is not in tree
545 204 5 200 153 144 122
5964543 is not in tree
545 204 5 200 153 144 122 23
545 204 326 241 279
9491876 is not in tree
545 204 5 200 153 144 122 23 26
545 204 5 200 153 144 122 23 26 45
545 629 695 753
1429132 is not in tree
545 204 326 241 279 269
545 204 5 200 153 144 122 23 26 45 92
545 204 326 241 279 269 260
545 204 5 200 153 155
5749195 is not in tree
1298919 is not in tree
7102601 is not in tree
2864656 is not in tree
545 204 326 333 414 417 497
545 204 326 333 414 417 497 532
545 204 326 333 414 417 497 477
545 629 695 679
9933902 is not in tree
5725743 is not in tree
545 204 326 333 330
545 204 5 200 153 155 183
420840 is not in tree
545 629 695 753 723
545 204 5 200 153 144 122 23 26 45 92 69
4789489 is not in tree
2733518 is not in tree
9870900 is not in tree
545 204 326 333 414 417 497 477 425
545 629 695 679 693
6136291 is not in tree
545 629 695 753 723 728
545 629 695 753 723 700
545 204 326 241 230
9725093 is not in tree
1596843 is not in tree
8902167 is not in tree
8938517 is not in tree
545 204 326 333 414 417 497 477 481
545 204 326 333 414 375
545 204 326 333 414 417 497 477 481 495
2818644 is not in tree
545 629 599 581 591
8506529 is not in tree
545 204 326 241 279 269 277
545 204 5 200 153 144 122 124
545 204 326 333 414 417 497 477 425 423
7494427 is not in tree
303969 is not in tree
5095844 is not in tree
2735133 is not in tree
9045970 is not in tree
545 204 326 333 414 417 497 477 425 436
545 204 5 200 153 155 183 185
3451302 is not in tree
4216909 is not in tree
3997867 is not in tree
545 204 5 200 153 144 122 23 15
545 204 5 200 153 144 122 124 135
7717082 is not in tree
545 629 695 679 693 687
6531338 is not in tree
545 629 599 581 553 571
2316535 is not in tree
9274735 is not in tree
545 204 326 333 414 417 497 477 481 495 483
9878941 is not in tree
8555184 is not in tree
6939679 is not in tree
753758 is not in tree
3979109 is not in tree
2822127 is not in tree
3362893 is not in tree
8425070 is not in tree
545 629 695 679 642
545 204 5 200 153 155 183 166
545 629 695 753 723 728 737
545 204 326 333 414 417 497 532 526
545 204 5 200 202 203
9386590 is not in tree
545 204 326 333 414 417 497 477 425 436 443
606819 is not in tree
545 629 695 753 723 700 722
2386495 is not in tree
545 204 326 333 414 417 497 477 425 436 443 455
2774478 is not in tree
545 204 326 333 414 375 393
545 204 5 1
545 204 326 241 230 216
4204381 is not in tree
545 629 599 581 553 571 564
545 204 5 200 153 144 122 23 26 45 92 101
5474843 is not in tree
545 204 326 241 279 288
545 204 5 1 2
3024852 is not in tree
8815974 is not in tree
3825376 is not in tree
545 204 326 333 414 375 393 377
332524 is not in tree
545 204 5 200 153 144 122 23 26 45 92 101 105
545 204 326 333 414 417 497 532 526 520
1862438 is not in tree
3791606 is not in tree
545 204 326 333 414 375 337
545 204 5 200 153 155 183 166 175
8171225 is not in tree
1839684 is not in tree
3251736 is not in tree
545 204 5 200 153 155 183 166 156
545 629 695 753 723 728 737 744
545 204 326 333 414 417 497 532 526 520 511
545 629 599 618 602
2928940 is not in tree
545 629 695 753 723 728 737 729
545 204 326 333 414 375 337 347
545 629 695 679 642 650
6371720 is not in tree
545 204 326 241 230 216 211
545 204 5 200 153 144 122 23 15 11
545 629 599 581 591 585
2756021 is not in tree
545 204 5 200 153 144 122 23 26 45 92 69 60
7389302 is not in tree
6305921 is not in tree
4663054 is not in tree
545 204 5 200 153 144 122 23 26 45 92 69 60 46
2196184 is not in tree
545 204 326 333 414 375 337 347 346
545 204 326 241 279 288 295
545 204 326 241 279 269 260 247
716280 is not in tree
545 204 5 200 153 144 122 23 26 45 92 69 60 67
545 204 326 333 414 375 337 347 350
5995464 is not in tree
7786512 is not in tree
267097 is not in tree
545 629 599 581 553 549
2788720 is not in tree
545 629 695 753 723 700 698
5764220 is not in tree
545 204 326 333 414 417 497 477 425 436 443 455 454
301792 is not in tree
6354895 is not in tree
4014315 is not in tree
7448879 is not in tree
8246387 is not in tree
2233956 is not in tree
25176 is not in tree
1976960 is not in tree
4349365 is not in tree
6945321 is not in tree
545 204 326 241 279 288 280
545 629 695 753 723 728 737 744 741
6469136 is not in tree
186348 is not in tree
9923143 is not in tree
545 204 326 241 279 288 295 293
2815130 is not in tree
545 204 5 200 153 144 122 23 26 45 92 101 94
545 629 695 679 642 650 653
1382108 is not in tree
4478042 is not in tree
545 204 326 333 414 417 497 532 526 529
3249761 is not in tree
7046994 is not in tree
7589659 is not in tree
9356220 is not in tree
545 629 695 679 642 650 653 666
2833800 is not in tree
545 204 326 333 414 417 497 532 526 520 511 500
545 204 326 241 230 235
323631 is not in tree
545 204 326 333 414 417 497 532 526 520 511 500 507
545 204 326 333 414 417 497 532 536
545 204 5 200 153 144 122 23 26 45 92 101 105 112
5346578 is not in tree
7414899 is not in tree
545 204 326 333 414 417 497 477 425 436 443 455 454 444
545 204 5 200 153 155 183 166 175 178
545 204 5 200 153 155 183 185 187
545 629 599 618 602 617
545 629 695 679 693 687 683
610699 is not in tree
9447779 is not in tree
545 204 326 333 414 417 497 477 425 436 443 440
545 204 326 333 414 375 393 377 380
545 204 5 200 153 144 122 23 26 45 92 69 60 46 51
545 204 326 241 279 269 277 274
3950823 is not in tree
545 204 326 241 230 216 211 209
8032582 is not in tree
545 204 5 200 153 155 183 166 175 168
545 204 326 333 414 375 393 377 380 378
4176135 is not in tree
6380474 is not in tree
269886 is not in tree
7854667 is not in tree
545 629 599 618 602 617 612
545 204 326 241 279 288 295 296
6405806 is not in tree
545 629 695 753 723 728 737 729 733
5801767 is not in tree
545 204 326 333 414 417 497 477 425 423 419
6621615 is not in tree
3918188 is not in tree
8052852 is not in tree
545 204 326 333 414 375 337 347 346 341
4924384 is not in tree
8481437 is not in tree
1312790 is not in tree
545 204 326 333 414 417 497 532 526 520 511 500 507 503
545 204 5 200 153 144 122 23 26 45 92 101 105 104
4236076 is not in tree
154952 is not in tree
545 629 695 753 723 728 737 729 733 731
545 204 326 241 230 216 211 212
545 204 326 241 279 288 295 296 321
5609535 is not in tree
545 629 695 679 642 650 653 666 678
9805410 is not in tree
209325 is not in tree
3502298 is not in tree
5676920 is not in tree
6970759 is not in tree
545 629 695 753 723 700 722 717
163481 is not in tree
545 204 326 333 414 375 393 402
858526 is not in tree
9553923 is not in tree
6650121 is not in tree
8655358 is not in tree
545 204 5 200 153 144 122 23 26 45 92 69 60 46 51 47
8814712 is not in tree
545 629 695 679 693 687 691
1164368 is not in tree
4180618 is not in tree
7457841 is not in tree
6163562 is not in tree
545 204 5 200 153 144 122 23 26 45 92 69 60 67 63
545 629 695 753 723 728 737 729 733 736
2596747 is not in tree
545 629 695 679 642 650 653 666 662
9582033 is not in tree
5616265 is not in tree
545 204 5 200 153 155 183 166 175 168 171
545 204 326 241 279 288 295 296 321 318
545 204 5 200 153 144 122 23 26 45 92 69 70
9692224 is not in tree
545 629 599 618 622
545 204 326 333 414 417 497 477 425 436 443 455 469
3248714 is not in tree
545 204 5 200 153 155 183 185 187 195
545 204 326 333 414 375 393 402 408
545 629 695 679 642 650 653 666 662 656
545 204 326 333 414 417 497 532 526 520 511 500 507 509
5417767 is not in tree
1109879 is not in tree
545 204 5 200 153 144 122 23 26 45 92 69 70 79
545 204 5 200 153 144 122 23 26 45 92 69 70 79 76
545 204 326 241 230 216 219
9175298 is not in tree
5450035 is not in tree
7614198 is not in tree
545 204 5 200 153 144 122 124 123
545 204 326 241 230 235 237
545 204 326 333 414 375 337 336
545 204 5 200 153 144 122 124 135 137
545 204 326 333 414 417 497 532 536 537
282747 is not in tree
545 204 326 333 414 417 497 477 425 436 443 455 469 470
545 204 5 200 153 155 183 166 175 178 177
6500707 is not in tree
545 204 5 200 153 144 122 23 26 45 92 101 105 112 121
545 204 5 200 153 144 122 23 15 11 9
8130359 is not in tree
545 629 695 753 770
545 204 326 333 414 417 497 477 425 436 443 455 469 470 475
545 204 326 241 279 288 295 293 289
545 204 5 200 153 144 122 23 15 18
5891834 is not in tree
4148280 is not in tree
545 204 5 200 153 155 183 166 175 178 181
4997266 is not in tree
545 204 326 333 414 417 497 477 425 436 429
545 629 599 581 553 571 575
1051155 is not in tree
4535763 is not in tree
545 204 326 241 230 216 219 221
545 204 5 200 153 144 122 23 15 11 14
545 204 5 200 153 144 122 23 26 45 35
1435069 is not in tree
7311157 is not in tree
545 204 326 241 279 288 295 296 321 318 314
545 204 326 241 230 216 219 218
545 204 5 200 153 144 122 23 15 11 9 7
1953178 is not in tree
545 629 599 618 622 623
545 204 5 200 153 144 122 23 26 45 92 69 60 46 51 57
6480642 is not in tree
4415307 is not in tree
545 204 326 333 330 332
545 204 326 333 414 417 497 477 425 436 443 440 438
7916907 is not in tree
545 204 326 333 414 417 497 532 526 520 523
442100 is not in tree
545 629 695 679 642 631
5294330 is not in tree
545 629 695 679 642 650 653 666 662 656 657
545 204 326 241 230 216 211 212 215
545 629 695 753 723 700 722 717 720
2383958 is not in tree
545 204 326 333 414 417 497 477 425 436 443 455 469 467
524549 is not in tree
5854652 is not in tree
9185830 is not in tree
9738380 is not in tree
545 629 695 753 770 758
3938647 is not in tree
9328795 is not in tree
1152772 is not in tree
2831823 is not in tree
545 204 326 333 414 417 497 477 425 436 429 433
9079105 is not in tree
545 204 326 333 414 417 497 477 425 436 429 427
7131238 is not in tree
6368351 is not in tree
474633 is not in tree
899055 is not in tree
545 629 599 581 553 571 564 561
545 204 326 333 414 417 497 532 536 534
545 204 5 200 153 144 122 23 26 45 35 28
545 204 326 333 414 375 393 402 408 413
545 204 5 200 153 155 183 166 175 178 177 176
6257721 is not in tree
5835365 is not in tree
545 204 326 333 414 417 497 532 526 520 511 500 507 503 506
545 629 695 753 723 728 737 729 733 736 735
4282541 is not in tree
545 204 5 200 153 155 154
6414665 is not in tree
545 204 326 333 414 417 497 477 425 436 443 455 469 467 456
545 204 5 200 153 144 122 23 26 45 92 69 70 79 80
6407902 is not in tree
9772949 is not in tree
1920166 is not in tree
545 204 326 333 414 417 497 477 425 423 419 418
5483011 is not in tree
2910046 is not in tree
5823696 is not in tree
8671279 is not in tree
545 204 5 200 153 144 122 23 26 45 92 69 70 79 80 89
9473079 is not in tree
5945504 is not in tree
545 204 5 200 153 144 122 23 26 45 35 28 27
545 204 5 200 153 155 183 166 175 168 171 170
6445589 is not in tree
545 204 326 241 279 288 295 296 321 318 319
7301920 is not in tree
2459139 is not in tree
545 204 326 333 414 417 497 477 425 436 443 455 469 467 468
545 204 5 200 153 144 122 23 26 45 92 101 105 112 121 113
545 204 326 333 414 417 497 477 425 436 443 455 454 444 446
587215 is not in tree
6213615 is not in tree
545 204 326 333 414 375 337 347 350 357
1468992 is not in tree
4802976 is not in tree
2414815 is not in tree
545 204 326 333 414 375 393 377 380 386
8766894 is not in tree
9282114 is not in tree
545 204 5 200 153 144 122 23 26 45 35 28 31
5867514 is not in tree
9045698 is not in tree
3324010 is not in tree
389437 is not in tree
545 629 599 618 622 621
5876838 is not in tree
545 204 326 333 414 417 415
2841279 is not in tree
4230795 is not in tree
545 204 5 200 153 144 122 23 26 45 92 101 94 99
1494545 is not in tree
4870016 is not in tree
2558355 is not in tree
3385735 is not in tree
9439363 is not in tree
8624295 is not in tree
545 204 5 200 153 144 149
2130461 is not in tree
1128357 is not in tree
545 629 695 753 723 728 737 729 733 731 730
7543991 is not in tree
7248633 is not in tree
3674083 is not in tree
921715 is not in tree
545 204 326 333 414 375 393 402 408 413 412
5770754 is not in tree
545 204 326 333 414 417 497 477 425 436 429 433 434
545 204 326 241 279 288 295 296 321 318 314 317
545 629 695 753 723 700 722 717 703
545 629 695 679 642 650 649
545 204 5 200 153 155 183 185 187 195 189
1937843 is not in tree
545 629 695 753 723 728 737 744 751
545 204 326 241 279 288 295 296 321 318 314 309
7683434 is not in tree
545 204 326 333 414 417 497 532 536 537 542
1905717 is not in tree
545 204 5 200 153 144 122 23 26 45 92 69 60 67 63 61
1485988 is not in tree
545 629 695 753 770 758 769
2487543 is not in tree
545 629 599 581 553 571 575 580
545 204 5 200 153 155 183 185 187 195 189 193
545 204 5 200 153 144 122 23 26 45 92 69 60 46 51 57 55
9175637 is not in tree
545 204 5 200 153 144 122 23 26 45 35 28 31 30
385888 is not in tree
545 204 326 333 414 375 393 377 380 386 387
545 629 695 753 723 700 722 717 703 716
8316768 is not in tree
2783749 is not in tree
3489171 is not in tree
782012 is not in tree
8823855 is not in tree
7776637 is not in tree
545 204 5 200 153 144 122 124 135 137 138
545 204 326 333 414 417 497 477 425 436 443 455 469 470 475 476
9358510 is not in tree
4801216 is not in tree
216371 is not in tree
286427 is not in tree
545 629 695 753 723 728 737 744 751 747
9095905 is not in tree
545 629 695 679 642 631 639
5826469 is not in tree
545 204 326 333 414 417 497 532 536 537 542 540
545 204 5 200 153 144 149 148
545 204 326 241 230 216 219 221 226
9495137 is not in tree
6864426 is not in tree
545 629 695 679 642 650 653 666 678 674
545 204 5 200 153 144 122 23 26 45 92 69 60 46 51 57 58
8598748 is not in tree
3985589 is not in tree
545 204 5 200 153 144 122 23 26 45 92 69 60 67 63 61 62
545 204 326 333 414 375 337 347 350 357 354
545 629 599 618 602 617 612 605
545 204 5 200 153 144 149 150
545 629 695 679 642 650 653 666 662 656 657 658
2038576 is not in tree
6181785 is not in tree
545 204 326 241 279 269 260 247 255
545 204 326 241 279 288 295 293 294
4416961 is not in tree
545 204 326 333 414 417 497 532 526 529 528
545 204 326 333 414 375 393 402 408 413 412 409
65262 is not in tree
545 204 5 200 153 144 122 23 26 45 35 42
545 204 326 333 414 417 497 477 425 436 443 455 469 470 475 472
6904078 is not in tree
6269785 is not in tree
8529404 is not in tree
545 629 695 679 693 687 691 688
545 629 695 679 642 650 653 666 662 656 657 658 660
486943 is not in tree
545 204 326 333 414 375 337 347 350 349
545 204 326 333 414 417 497 532 526 520 511 513
545 204 5 200 153 155 183 166 175 178 181 182
1007465 is not in tree
9705168 is not in tree
545 204 5 200 153 144 122 23 26 45 92 101 105 112 108
3175458 is not in tree
1952727 is not in tree
9024275 is not in tree
6242280 is not in tree
4307575 is not in tree
2719244 is not in tree
9943747 is not in tree
545 204 5 200 153 144 122 23 26 45 92 69 70 79 76 73
545 204 326 333 414 375 337 347 350 357 372
545 204 326 241 230 216 211 209 206
545 629 599 581 591 585 584
4281806 is not in tree
5988496 is not in tree
1731439 is not in tree
545 204 5 200 153 144 122 124 135 132
545 204 5 200 153 144 122 23 26 45 92 69 60 67 68
545 204 326 333 414 417 497 477 425 423 419 421
545 204 326 333 414 417 497 532 536 537 542 540 538
4459690 is not in tree
4432463 is not in tree
545 204 5 200 153 144 122 23 26 45 92 69 60 46 51 57 55 52
545 204 326 241 279 288 295 296 321 318 314 309 299
4014988 is not in tree
545 629 599 581 591 585 588
2772435 is not in tree
545 204 5 200 153 155 183 185 187 195 198
4163634 is not in tree
9212697 is not in tree
545 204 326 333 414 417 497 532 526 520 511 500 507 503 506 505
545 629 599 581 553 571 564 561 560
545 204 5 200 153 144 122 23 26 45 92 69 60 46 51 47 48
545 204 326 333 414 417 497 477 481 495 483 492
4897356 is not in tree
545 204 326 333 414 417 497 532 526 520 511 513 518
545 629 695 753 723 700 722 717 703 716 714
5290267 is not in tree
545 629 695 679 642 650 649 646
3182699 is not in tree
9469031 is not in tree
2039201 is not in tree
8520919 is not in tree
5365489 is not in tree
4191425 is not in tree
545 204 326 241 230 235 233
545 204 5 200 153 155 183 166 156 161
9799161 is not in tree
2995550 is not in tree
8559837 is not in tree
545 204 5 200 153 144 149 148 147
4051944 is not in tree
847481 is not in tree
1114168 is not in tree
545 204 5 200 153 144 122 23 26 45 92 101 94 99 95
545 629 599 581 553 571 575 580 577
6495841 is not in tree
545 204 326 333 414 417 497 477 425 436 443 455 454 444 446 445
545 204 5 200 153 155 183 166 156 161 162
9813033 is not in tree
9244806 is not in tree
545 629 695 753 770 758 769 768
545 204 5 200 153 144 122 23 26 45 92 69 60 67 63 66
6979097 is not in tree
545 204 326 333 414 417 497 532 526 520 511 500 507 509 508
8840557 is not in tree
545 629 695 679 642 631 639 641
545 629 695 753 770 758 769 768 765
8016407 is not in tree
545 204 326 333 414 375 337 347 350 357 354 355
4301821 is not in tree
545 204 326 241 279 288 295 296 321 318 314 309 299 297
4700731 is not in tree
545 629 695 679 693 694
545 629 695 753 723 728 737 744 751 747 749
5354952 is not in tree
545 204 326 241 279 288 295 296 321 318 314 317 316
4581753 is not in tree
545 629 599 618 602 617 612 605 608
5869809 is not in tree
2562377 is not in tree
1222533 is not in tree
1367727 is not in tree
545 204 326 333 414 375 337 347 350 357 372 368
2128716 is not in tree
545 204 5 200 153 155 183 166 175 168 167
545 204 326 333 414 417 497 477 481 478
545 204 5 200 153 144 122 23 26 45 92 69 70 79 80 89 86
8754235 is not in tree
545 629 695 679 642 631 639 634
7843995 is not in tree
545 629 695 679 642 631 639 634 636
6503400 is not in tree
4413902 is not in tree
168550 is not in tree
4629920 is not in tree
4947334 is not in tree
545 204 326 333 414 417 497 532 526 520 511 500 499
545 204 5 200 153 144 122 23 15 11 9 7 6
545 204 5 200 153 155 183 166 175 178 181 179
545 629 599 618 602 617 612 605 604
9517265 is not in tree
545 204 326 333 414 375 393 402 408 406
3163501 is not in tree
545 204 5 200 153 155 183 166 156 161 162 164
1994270 is not in tree
545 204 326 241 279 288 295 296 321 318 314 309 299 304
545 204 326 241 279 288 295 296 321 318 314 309 313
7177836 is not in tree
7358218 is not in tree
545 204 5 200 153 144 122 23 26 45 92 101 94 99 95 96
545 204 5 200 153 144 122 23 26 45 92 101 105 104 103
3426228 is not in tree
545 629 599 618 602 617 612 605 608 611
3626572 is not in tree
545 204 326 241 230 216 211 209 206 207
545 204 5 200 153 144 122 23 26 45 35 42 37
545 204 326 241 279 288 295 296 321 318 314 309 299 304 307
4330641 is not in tree
545 629 695 679 642 650 649 646 644
545 204 326 241 279 269 260 247 245
545 204 326 241 279 288 295 293 289 290
545 629 695 753 723 728 737 744 741 738
545 204 326 333 414 375 337 347 350 357 372 368 361
5585264 is not in tree
545 629 695 753 723 700 722 717 703 716 714 707
545 204 5 200 153 144 122 23 26 45 92 101 105 112 121 113 117
4699080 is not in tree
545 204 5 200 153 144 122 124 135 132 129
4832132 is not in tree
545 629 599 618 602 600
545 204 326 241 279 269 260 247 255 254
7057713 is not in tree
3602222 is not in tree
545 629 695 753 723 728 737 744 751 747 749 750
4560412 is not in tree
545 204 5 200 153 144 122 23 26 45 92 101 105 112 108 107
545 629 695 679 642 631 639 634 636 638
6381227 is not in tree
5759407 is not in tree
2026809 is not in tree
545 629 599 581 591 585 588 589
9408686 is not in tree
1363322 is not in tree
545 204 326 333 414 417 497 477 481 495 483 492 489
4153242 is not in tree
545 204 5 200 153 144 122 23 26 45 92 69 70 79 80 89 86 83
545 204 326 333 414 417 497 477 425 436 443 455 469 470 475 472 473
545 629 599 581 591 585 588 586
545 629 695 679 642 650 653 666 678 674 673
1592478 is not in tree
545 204 326 241 279 288 295 293 289 290 291
5377013 is not in tree
545 629 599 581 591 585 588 589 590
9592392 is not in tree
545 204 5 200 153 144 122 23 26 25
7766189 is not in tree
545 204 326 241 279 269 260 247 255 254 248
545 204 5 200 153 144 149 150 152
4109233 is not in tree
7787651 is not in tree
545 204 326 241 279 288 295 296 321 318 314 309 299 304 300
9753309 is not in tree
545 204 5 1 2 4
1563926 is not in tree
8205004 is not in tree
545 204 326 333 414 417 497 477 425 436 443 455 454 444 446 453
545 204 5 200 153 144 122 23 26 45 92 69 70 79 76 77
4647554 is not in tree
6568870 is not in tree
545 629 695 679 642 650 653 666 678 674 673 671
545 204 5 200 153 144 122 23 26 25 24
545 204 5 200 153 144 122 23 26 45 92 69 70 79 76 73 71
305433 is not in tree
9884266 is not in tree
9611141 is not in tree
545 629 599 581 591 594
7215960 is not in tree
545 204 5 200 153 144 122 23 26 45 92 69 70 79 76 73 74
545 204 5 200 153 144 122 23 26 45 92 69 70 79 80 89 86 83 85
5933918 is not in tree
545 204 5 200 153 144 122 23 26 45 92 69 70 79 80 89 86 88
545 204 326 333 414 417 497 477 425 423 424
545 204 326 241 230 216 211 209 206 207 208
545 204 326 333 414 417 497 532 526 520 511 513 518 516
545 629 695 753 723 728 737 744 741 743
2839055 is not in tree
7400347 is not in tree
4275372 is not in tree
7214245 is not in tree
2740536 is not in tree
545 204 5 200 153 144 122 23 15 18 20
124985 is not in tree
7108251 is not in tree
3109446 is not in tree
8000154 is not in tree
2847824 is not in tree
545 204 326 333 414 375 393 402 401
545 629 695 753 723 700 722 717 703 716 714 707 705
545 204 326 333 414 417 497 477 481 495 483 492 489 485
1793341 is not in tree
5142297 is not in tree
545 204 326 333 414 417 497 477 481 495 483 492 493
6878704 is not in tree
545 204 326 333 414 375 393 377 380 386 387 389
545 629 695 679 642 650 649 646 644 645
545 629 599 581 553 571 564 561 560 557
545 629 695 679 642 631 639 641 640
545 204 326 333 414 375 393 377 380 386 387 389 391
545 204 326 333 414 375 337 347 350 357 372 368 361 360
5497341 is not in tree
1986286 is not in tree
4006379 is not in tree
6735985 is not in tree
8725377 is not in tree
7263667 is not in tree
545 204 326 241 279 269 260 268
1785565 is not in tree
9696268 is not in tree
2089280 is not in tree
6444822 is not in tree
545 204 326 333 414 417 497 477 425 436 443 455 469 470 475 472 473 474
545 629 695 679 642 650 649 646 648
4835441 is not in tree
9191912 is not in tree
6230275 is not in tree
545 204 326 333 414 417 497 477 481 495 483 492 489 490
3183395 is not in tree
545 629 599 581 553 549 551
545 629 695 753 770 758 769 768 765 760
7800107 is not in tree
2358533 is not in tree
545 204 5 200 153 144 122 23 26 45 92 101 94 93
7258935 is not in tree
1714193 is not in tree
545 204 326 241 279 269 260 247 255 254 248 252
6155026 is not in tree
7846612 is not in tree
545 204 326 333 414 375 393 377 380 386 382
545 204 326 241 279 269 260 247 255 254 248 252 253
3682440 is not in tree
9719868 is not in tree
119274 is not in tree
3169613 is not in tree
8063196 is not in tree
545 204 326 241 279 269 260 268 265
9251728 is not in tree
545 629 695 753 770 758 756
5785979 is not in tree
3685053 is not in tree
545 204 326 333 414 417 497 532 536 537 542 540 538 539
9426473 is not in tree
8135996 is not in tree
7744815 is not in tree
545 204 5 200 153 144 122 124 135 137 138 142
545 204 326 333 414 375 337 347 346 341 342
318860 is not in tree
545 629 695 753 723 700 722 717 703 716 714 707 705 704
545 204 326 241 279 288 295 296 321 318 314 309 299 304 307 305
545 204 5 200 153 155 183 185 187 195 198 196
6750406 is not in tree
5691975 is not in tree
9737161 is not in tree
545 204 326 241 230 216 219 221 226 227
4556046 is not in tree
6707458 is not in tree
545 629 599 581 553 571 575 580 577 578
545 204 326 333 414 417 497 532 536 537 542 540 541
545 204 5 200 153 155 183 185 187 195 198 199
545 204 326 333 414 375 393 377 380 386 382 385
