17 90
9 16 1
1 9 2
16 7 3
2 15 4
14 4 5
12 5 6
12 11 7
6 4 8
5 6 9
11 9 10
11 8 11
9 3 12
8 6 13
1 17 14
6 7 15
7 11 16
3 8 17
11 17 18
7 13 19
1 2 20
1 11 21
12 8 22
5 8 23
4 8 24
2 5 25
15 6 26
13 15 27
13 10 28
9 8 29
9 13 30
3 13 31
2 17 32
11 2 33
14 10 34
7 1 35
3 11 36
9 15 37
15 12 38
5 16 39
3 5 40
3 2 41
10 15 42
3 10 43
5 14 44
1 16 45
8 10 46
15 1 47
15 3 48
7 10 49
4 5 50
17 16 51
16 10 52
3 7 53
1 8 54
14 8 55
6 10 56
16 2 57
14 2 58
16 6 59
17 13 60
13 4 61
4 11 62
6 2 63
11 5 64
3 14 65
4 15 66
16 14 67
15 16 68
7 14 69
7 8 70
10 4 71
14 12 72
7 12 73
13 8 74
17 10 75
14 6 76
6 12 77
3 16 78
4 16 79
9 14 80
2 10 81
4 2 82
11 16 83
13 5 84
7 15 85
11 6 86
7 17 87
12 16 88
3 12 89
6 1 90

