50 1225
1 2 1
1 3 2
1 4 3
1 5 4
1 6 5
1 7 6
1 8 7
1 9 8
1 10 9
1 11 10
1 12 11
1 13 12
1 14 13
1 15 14
1 16 15
1 17 16
1 18 17
1 19 18
1 20 19
1 21 20
1 22 21
1 23 22
1 24 23
1 25 24
1 26 25
1 27 26
1 28 27
1 29 28
1 30 29
1 31 30
1 32 31
1 33 32
1 34 33
1 35 34
1 36 35
1 37 36
1 38 37
1 39 38
1 40 39
1 41 40
1 42 41
1 43 42
1 44 43
1 45 44
1 46 45
1 47 46
1 48 47
1 49 48
1 50 49
2 2 50
2 3 51
2 4 52
2 5 53
2 6 54
2 7 55
2 8 56
2 9 57
2 10 58
2 11 59
2 12 60
2 13 61
2 14 62
2 15 63
2 16 64
2 17 65
2 18 66
2 19 67
2 20 68
2 21 69
2 22 70
2 23 71
2 24 72
2 25 73
2 26 74
2 27 75
2 28 76
2 29 77
2 30 78
2 31 79
2 32 80
2 33 81
2 34 82
2 35 83
2 36 84
2 37 85
2 38 86
2 39 87
2 40 88
2 41 89
2 42 90
2 43 91
2 44 92
2 45 93
2 46 94
2 47 95
2 48 96
2 49 97
2 50 98
3 2 99
3 3 100
3 4 101
3 5 102
3 6 103
3 7 104
3 8 105
3 9 106
3 10 107
3 11 108
3 12 109
3 13 110
3 14 111
3 15 112
3 16 113
3 17 114
3 18 115
3 19 116
3 20 117
3 21 118
3 22 119
3 23 120
3 24 121
3 25 122
3 26 123
3 27 124
3 28 125
3 29 126
3 30 127
3 31 128
3 32 129
3 33 130
3 34 131
3 35 132
3 36 133
3 37 134
3 38 135
3 39 136
3 40 137
3 41 138
3 42 139
3 43 140
3 44 141
3 45 142
3 46 143
3 47 144
3 48 145
3 49 146
3 50 147
4 2 148
4 3 149
4 4 150
4 5 151
4 6 152
4 7 153
4 8 154
4 9 155
4 10 156
4 11 157
4 12 158
4 13 159
4 14 160
4 15 161
4 16 162
4 17 163
4 18 164
4 19 165
4 20 166
4 21 167
4 22 168
4 23 169
4 24 170
4 25 171
4 26 172
4 27 173
4 28 174
4 29 175
4 30 176
4 31 177
4 32 178
4 33 179
4 34 180
4 35 181
4 36 182
4 37 183
4 38 184
4 39 185
4 40 186
4 41 187
4 42 188
4 43 189
4 44 190
4 45 191
4 46 192
4 47 193
4 48 194
4 49 195
4 50 196
5 2 197
5 3 198
5 4 199
5 5 200
5 6 201
5 7 202
5 8 203
5 9 204
5 10 205
5 11 206
5 12 207
5 13 208
5 14 209
5 15 210
5 16 211
5 17 212
5 18 213
5 19 214
5 20 215
5 21 216
5 22 217
5 23 218
5 24 219
5 25 220
5 26 221
5 27 222
5 28 223
5 29 224
5 30 225
5 31 226
5 32 227
5 33 228
5 34 229
5 35 230
5 36 231
5 37 232
5 38 233
5 39 234
5 40 235
5 41 236
5 42 237
5 43 238
5 44 239
5 45 240
5 46 241
5 47 242
5 48 243
5 49 244
5 50 245
6 2 246
6 3 247
6 4 248
6 5 249
6 6 250
6 7 251
6 8 252
6 9 253
6 10 254
6 11 255
6 12 256
6 13 257
6 14 258
6 15 259
6 16 260
6 17 261
6 18 262
6 19 263
6 20 264
6 21 265
6 22 266
6 23 267
6 24 268
6 25 269
6 26 270
6 27 271
6 28 272
6 29 273
6 30 274
6 31 275
6 32 276
6 33 277
6 34 278
6 35 279
6 36 280
6 37 281
6 38 282
6 39 283
6 40 284
6 41 285
6 42 286
6 43 287
6 44 288
6 45 289
6 46 290
6 47 291
6 48 292
6 49 293
6 50 294
7 2 295
7 3 296
7 4 297
7 5 298
7 6 299
7 7 300
7 8 301
7 9 302
7 10 303
7 11 304
7 12 305
7 13 306
7 14 307
7 15 308
7 16 309
7 17 310
7 18 311
7 19 312
7 20 313
7 21 314
7 22 315
7 23 316
7 24 317
7 25 318
7 26 319
7 27 320
7 28 321
7 29 322
7 30 323
7 31 324
7 32 325
7 33 326
7 34 327
7 35 328
7 36 329
7 37 330
7 38 331
7 39 332
7 40 333
7 41 334
7 42 335
7 43 336
7 44 337
7 45 338
7 46 339
7 47 340
7 48 341
7 49 342
7 50 343
8 2 344
8 3 345
8 4 346
8 5 347
8 6 348
8 7 349
8 8 350
8 9 351
8 10 352
8 11 353
8 12 354
8 13 355
8 14 356
8 15 357
8 16 358
8 17 359
8 18 360
8 19 361
8 20 362
8 21 363
8 22 364
8 23 365
8 24 366
8 25 367
8 26 368
8 27 369
8 28 370
8 29 371
8 30 372
8 31 373
8 32 374
8 33 375
8 34 376
8 35 377
8 36 378
8 37 379
8 38 380
8 39 381
8 40 382
8 41 383
8 42 384
8 43 385
8 44 386
8 45 387
8 46 388
8 47 389
8 48 390
8 49 391
8 50 392
9 2 393
9 3 394
9 4 395
9 5 396
9 6 397
9 7 398
9 8 399
9 9 400
9 10 401
9 11 402
9 12 403
9 13 404
9 14 405
9 15 406
9 16 407
9 17 408
9 18 409
9 19 410
9 20 411
9 21 412
9 22 413
9 23 414
9 24 415
9 25 416
9 26 417
9 27 418
9 28 419
9 29 420
9 30 421
9 31 422
9 32 423
9 33 424
9 34 425
9 35 426
9 36 427
9 37 428
9 38 429
9 39 430
9 40 431
9 41 432
9 42 433
9 43 434
9 44 435
9 45 436
9 46 437
9 47 438
9 48 439
9 49 440
9 50 441
10 2 442
10 3 443
10 4 444
10 5 445
10 6 446
10 7 447
10 8 448
10 9 449
10 10 450
10 11 451
10 12 452
10 13 453
10 14 454
10 15 455
10 16 456
10 17 457
10 18 458
10 19 459
10 20 460
10 21 461
10 22 462
10 23 463
10 24 464
10 25 465
10 26 466
10 27 467
10 28 468
10 29 469
10 30 470
10 31 471
10 32 472
10 33 473
10 34 474
10 35 475
10 36 476
10 37 477
10 38 478
10 39 479
10 40 480
10 41 481
10 42 482
10 43 483
10 44 484
10 45 485
10 46 486
10 47 487
10 48 488
10 49 489
10 50 490
11 2 491
11 3 492
11 4 493
11 5 494
11 6 495
11 7 496
11 8 497
11 9 498
11 10 499
11 11 500
11 12 501
11 13 502
11 14 503
11 15 504
11 16 505
11 17 506
11 18 507
11 19 508
11 20 509
11 21 510
11 22 511
11 23 512
11 24 513
11 25 514
11 26 515
11 27 516
11 28 517
11 29 518
11 30 519
11 31 520
11 32 521
11 33 522
11 34 523
11 35 524
11 36 525
11 37 526
11 38 527
11 39 528
11 40 529
11 41 530
11 42 531
11 43 532
11 44 533
11 45 534
11 46 535
11 47 536
11 48 537
11 49 538
11 50 539
12 2 540
12 3 541
12 4 542
12 5 543
12 6 544
12 7 545
12 8 546
12 9 547
12 10 548
12 11 549
12 12 550
12 13 551
12 14 552
12 15 553
12 16 554
12 17 555
12 18 556
12 19 557
12 20 558
12 21 559
12 22 560
12 23 561
12 24 562
12 25 563
12 26 564
12 27 565
12 28 566
12 29 567
12 30 568
12 31 569
12 32 570
12 33 571
12 34 572
12 35 573
12 36 574
12 37 575
12 38 576
12 39 577
12 40 578
12 41 579
12 42 580
12 43 581
12 44 582
12 45 583
12 46 584
12 47 585
12 48 586
12 49 587
12 50 588
13 2 589
13 3 590
13 4 591
13 5 592
13 6 593
13 7 594
13 8 595
13 9 596
13 10 597
13 11 598
13 12 599
13 13 600
13 14 601
13 15 602
13 16 603
13 17 604
13 18 605
13 19 606
13 20 607
13 21 608
13 22 609
13 23 610
13 24 611
13 25 612
13 26 613
13 27 614
13 28 615
13 29 616
13 30 617
13 31 618
13 32 619
13 33 620
13 34 621
13 35 622
13 36 623
13 37 624
13 38 625
13 39 626
13 40 627
13 41 628
13 42 629
13 43 630
13 44 631
13 45 632
13 46 633
13 47 634
13 48 635
13 49 636
13 50 637
14 2 638
14 3 639
14 4 640
14 5 641
14 6 642
14 7 643
14 8 644
14 9 645
14 10 646
14 11 647
14 12 648
14 13 649
14 14 650
14 15 651
14 16 652
14 17 653
14 18 654
14 19 655
14 20 656
14 21 657
14 22 658
14 23 659
14 24 660
14 25 661
14 26 662
14 27 663
14 28 664
14 29 665
14 30 666
14 31 667
14 32 668
14 33 669
14 34 670
14 35 671
14 36 672
14 37 673
14 38 674
14 39 675
14 40 676
14 41 677
14 42 678
14 43 679
14 44 680
14 45 681
14 46 682
14 47 683
14 48 684
14 49 685
14 50 686
15 2 687
15 3 688
15 4 689
15 5 690
15 6 691
15 7 692
15 8 693
15 9 694
15 10 695
15 11 696
15 12 697
15 13 698
15 14 699
15 15 700
15 16 701
15 17 702
15 18 703
15 19 704
15 20 705
15 21 706
15 22 707
15 23 708
15 24 709
15 25 710
15 26 711
15 27 712
15 28 713
15 29 714
15 30 715
15 31 716
15 32 717
15 33 718
15 34 719
15 35 720
15 36 721
15 37 722
15 38 723
15 39 724
15 40 725
15 41 726
15 42 727
15 43 728
15 44 729
15 45 730
15 46 731
15 47 732
15 48 733
15 49 734
15 50 735
16 2 736
16 3 737
16 4 738
16 5 739
16 6 740
16 7 741
16 8 742
16 9 743
16 10 744
16 11 745
16 12 746
16 13 747
16 14 748
16 15 749
16 16 750
16 17 751
16 18 752
16 19 753
16 20 754
16 21 755
16 22 756
16 23 757
16 24 758
16 25 759
16 26 760
16 27 761
16 28 762
16 29 763
16 30 764
16 31 765
16 32 766
16 33 767
16 34 768
16 35 769
16 36 770
16 37 771
16 38 772
16 39 773
16 40 774
16 41 775
16 42 776
16 43 777
16 44 778
16 45 779
16 46 780
16 47 781
16 48 782
16 49 783
16 50 784
17 2 785
17 3 786
17 4 787
17 5 788
17 6 789
17 7 790
17 8 791
17 9 792
17 10 793
17 11 794
17 12 795
17 13 796
17 14 797
17 15 798
17 16 799
17 17 800
17 18 801
17 19 802
17 20 803
17 21 804
17 22 805
17 23 806
17 24 807
17 25 808
17 26 809
17 27 810
17 28 811
17 29 812
17 30 813
17 31 814
17 32 815
17 33 816
17 34 817
17 35 818
17 36 819
17 37 820
17 38 821
17 39 822
17 40 823
17 41 824
17 42 825
17 43 826
17 44 827
17 45 828
17 46 829
17 47 830
17 48 831
17 49 832
17 50 833
18 2 834
18 3 835
18 4 836
18 5 837
18 6 838
18 7 839
18 8 840
18 9 841
18 10 842
18 11 843
18 12 844
18 13 845
18 14 846
18 15 847
18 16 848
18 17 849
18 18 850
18 19 851
18 20 852
18 21 853
18 22 854
18 23 855
18 24 856
18 25 857
18 26 858
18 27 859
18 28 860
18 29 861
18 30 862
18 31 863
18 32 864
18 33 865
18 34 866
18 35 867
18 36 868
18 37 869
18 38 870
18 39 871
18 40 872
18 41 873
18 42 874
18 43 875
18 44 876
18 45 877
18 46 878
18 47 879
18 48 880
18 49 881
18 50 882
19 2 883
19 3 884
19 4 885
19 5 886
19 6 887
19 7 888
19 8 889
19 9 890
19 10 891
19 11 892
19 12 893
19 13 894
19 14 895
19 15 896
19 16 897
19 17 898
19 18 899
19 19 900
19 20 901
19 21 902
19 22 903
19 23 904
19 24 905
19 25 906
19 26 907
19 27 908
19 28 909
19 29 910
19 30 911
19 31 912
19 32 913
19 33 914
19 34 915
19 35 916
19 36 917
19 37 918
19 38 919
19 39 920
19 40 921
19 41 922
19 42 923
19 43 924
19 44 925
19 45 926
19 46 927
19 47 928
19 48 929
19 49 930
19 50 931
20 2 932
20 3 933
20 4 934
20 5 935
20 6 936
20 7 937
20 8 938
20 9 939
20 10 940
20 11 941
20 12 942
20 13 943
20 14 944
20 15 945
20 16 946
20 17 947
20 18 948
20 19 949
20 20 950
20 21 951
20 22 952
20 23 953
20 24 954
20 25 955
20 26 956
20 27 957
20 28 958
20 29 959
20 30 960
20 31 961
20 32 962
20 33 963
20 34 964
20 35 965
20 36 966
20 37 967
20 38 968
20 39 969
20 40 970
20 41 971
20 42 972
20 43 973
20 44 974
20 45 975
20 46 976
20 47 977
20 48 978
20 49 979
20 50 980
21 2 981
21 3 982
21 4 983
21 5 984
21 6 985
21 7 986
21 8 987
21 9 988
21 10 989
21 11 990
21 12 991
21 13 992
21 14 993
21 15 994
21 16 995
21 17 996
21 18 997
21 19 998
21 20 999
21 21 1000
21 22 1001
21 23 1002
21 24 1003
21 25 1004
21 26 1005
21 27 1006
21 28 1007
21 29 1008
21 30 1009
21 31 1010
21 32 1011
21 33 1012
21 34 1013
21 35 1014
21 36 1015
21 37 1016
21 38 1017
21 39 1018
21 40 1019
21 41 1020
21 42 1021
21 43 1022
21 44 1023
21 45 1024
21 46 1025
21 47 1026
21 48 1027
21 49 1028
21 50 1029
22 2 1030
22 3 1031
22 4 1032
22 5 1033
22 6 1034
22 7 1035
22 8 1036
22 9 1037
22 10 1038
22 11 1039
22 12 1040
22 13 1041
22 14 1042
22 15 1043
22 16 1044
22 17 1045
22 18 1046
22 19 1047
22 20 1048
22 21 1049
22 22 1050
22 23 1051
22 24 1052
22 25 1053
22 26 1054
22 27 1055
22 28 1056
22 29 1057
22 30 1058
22 31 1059
22 32 1060
22 33 1061
22 34 1062
22 35 1063
22 36 1064
22 37 1065
22 38 1066
22 39 1067
22 40 1068
22 41 1069
22 42 1070
22 43 1071
22 44 1072
22 45 1073
22 46 1074
22 47 1075
22 48 1076
22 49 1077
22 50 1078
23 2 1079
23 3 1080
23 4 1081
23 5 1082
23 6 1083
23 7 1084
23 8 1085
23 9 1086
23 10 1087
23 11 1088
23 12 1089
23 13 1090
23 14 1091
23 15 1092
23 16 1093
23 17 1094
23 18 1095
23 19 1096
23 20 1097
23 21 1098
23 22 1099
23 23 1100
23 24 1101
23 25 1102
23 26 1103
23 27 1104
23 28 1105
23 29 1106
23 30 1107
23 31 1108
23 32 1109
23 33 1110
23 34 1111
23 35 1112
23 36 1113
23 37 1114
23 38 1115
23 39 1116
23 40 1117
23 41 1118
23 42 1119
23 43 1120
23 44 1121
23 45 1122
23 46 1123
23 47 1124
23 48 1125
23 49 1126
23 50 1127
24 2 1128
24 3 1129
24 4 1130
24 5 1131
24 6 1132
24 7 1133
24 8 1134
24 9 1135
24 10 1136
24 11 1137
24 12 1138
24 13 1139
24 14 1140
24 15 1141
24 16 1142
24 17 1143
24 18 1144
24 19 1145
24 20 1146
24 21 1147
24 22 1148
24 23 1149
24 24 1150
24 25 1151
24 26 1152
24 27 1153
24 28 1154
24 29 1155
24 30 1156
24 31 1157
24 32 1158
24 33 1159
24 34 1160
24 35 1161
24 36 1162
24 37 1163
24 38 1164
24 39 1165
24 40 1166
24 41 1167
24 42 1168
24 43 1169
24 44 1170
24 45 1171
24 46 1172
24 47 1173
24 48 1174
24 49 1175
24 50 1176
25 2 1177
25 3 1178
25 4 1179
25 5 1180
25 6 1181
25 7 1182
25 8 1183
25 9 1184
25 10 1185
25 11 1186
25 12 1187
25 13 1188
25 14 1189
25 15 1190
25 16 1191
25 17 1192
25 18 1193
25 19 1194
25 20 1195
25 21 1196
25 22 1197
25 23 1198
25 24 1199
25 25 1200
25 26 1201
25 27 1202
25 28 1203
25 29 1204
25 30 1205
25 31 1206
25 32 1207
25 33 1208
25 34 1209
25 35 1210
25 36 1211
25 37 1212
25 38 1213
25 39 1214
25 40 1215
25 41 1216
25 42 1217
25 43 1218
25 44 1219
25 45 1220
25 46 1221
25 47 1222
25 48 1223
25 49 1224
25 50 1225

