45 835
42 39 1
42 10 2
45 8 3
44 42 4
34 21 5
37 35 6
1 40 7
25 22 8
3 41 9
33 44 10
23 1 11
27 20 12
4 28 13
26 30 14
20 18 15
25 4 16
2 5 17
36 14 18
14 2 19
21 42 20
26 33 21
24 25 22
18 31 23
37 4 24
26 12 25
7 33 26
32 42 27
22 15 28
26 44 29
4 45 30
4 44 31
31 12 32
11 23 33
29 28 34
14 38 35
34 1 36
31 40 37
36 7 38
17 33 39
13 28 40
45 18 41
8 12 42
35 38 43
8 33 44
30 8 45
41 33 46
7 26 47
34 24 48
17 27 49
12 11 50
21 29 51
1 41 52
5 32 53
41 30 54
12 21 55
25 31 56
13 45 57
1 13 58
29 6 59
26 42 60
31 45 61
37 7 62
7 19 63
32 3 64
18 11 65
18 14 66
36 39 67
33 23 68
10 8 69
1 2 70
5 38 71
5 17 72
16 14 73
17 23 74
6 12 75
12 16 76
36 38 77
19 25 78
21 11 79
31 32 80
14 13 81
32 27 82
23 13 83
19 35 84
1 16 85
33 27 86
9 30 87
42 25 88
30 36 89
21 40 90
39 6 91
28 40 92
34 42 93
11 38 94
28 8 95
28 31 96
32 13 97
8 31 98
8 1 99
15 29 100
37 44 101
32 7 102
17 29 103
25 6 104
2 29 105
20 25 106
33 25 107
21 14 108
33 36 109
37 33 110
9 45 111
41 38 112
7 14 113
43 32 114
7 22 115
31 30 116
10 15 117
36 3 118
20 2 119
31 15 120
3 29 121
39 18 122
39 19 123
33 45 124
36 19 125
29 16 126
37 16 127
34 19 128
10 34 129
32 1 130
44 16 131
41 24 132
19 13 133
34 41 134
12 27 135
29 20 136
31 4 137
18 27 138
19 37 139
40 17 140
2 37 141
25 37 142
10 20 143
17 34 144
30 32 145
1 45 146
45 23 147
3 35 148
39 7 149
44 24 150
7 11 151
23 22 152
15 23 153
27 13 154
42 27 155
27 34 156
12 41 157
12 24 158
22 3 159
17 35 160
3 23 161
23 20 162
5 25 163
35 23 164
45 2 165
19 10 166
25 41 167
15 28 168
8 37 169
34 8 170
30 12 171
2 28 172
13 34 173
3 16 174
27 14 175
9 15 176
17 32 177
33 30 178
38 25 179
37 31 180
43 6 181
12 2 182
18 4 183
15 25 184
1 17 185
13 17 186
35 43 187
14 11 188
18 23 189
16 28 190
38 7 191
23 25 192
35 4 193
9 36 194
9 11 195
34 38 196
16 18 197
30 1 198
6 33 199
22 36 200
31 33 201
10 30 202
40 22 203
12 42 204
44 41 205
24 38 206
11 25 207
22 33 208
4 38 209
36 15 210
1 19 211
20 33 212
17 3 213
5 11 214
28 37 215
37 17 216
18 5 217
44 11 218
19 28 219
13 41 220
45 17 221
31 36 222
2 22 223
20 22 224
7 28 225
7 30 226
38 39 227
13 11 228
45 19 229
21 43 230
9 23 231
40 27 232
14 4 233
17 26 234
40 37 235
41 37 236
28 11 237
32 9 238
29 43 239
35 11 240
22 29 241
11 2 242
13 3 243
9 43 244
36 10 245
26 8 246
17 4 247
4 13 248
33 2 249
24 10 250
39 24 251
43 13 252
40 26 253
39 17 254
33 19 255
8 27 256
37 20 257
8 2 258
27 38 259
12 45 260
13 38 261
36 8 262
2 25 263
29 11 264
40 25 265
32 16 266
5 7 267
37 22 268
19 32 269
21 15 270
36 12 271
12 14 272
34 20 273
14 1 274
11 1 275
28 6 276
40 9 277
41 27 278
33 40 279
15 5 280
5 8 281
23 14 282
35 30 283
14 29 284
34 29 285
7 12 286
4 12 287
14 41 288
44 9 289
32 44 290
15 34 291
38 6 292
45 34 293
24 45 294
26 3 295
45 28 296
41 10 297
5 9 298
36 23 299
8 6 300
18 29 301
43 26 302
26 41 303
37 3 304
17 20 305
13 35 306
4 26 307
43 17 308
29 35 309
45 32 310
7 29 311
7 23 312
42 31 313
14 42 314
17 8 315
10 4 316
26 27 317
22 1 318
40 5 319
38 33 320
24 27 321
28 32 322
13 24 323
3 30 324
40 39 325
16 24 326
45 30 327
25 1 328
40 36 329
31 29 330
27 22 331
9 35 332
27 21 333
35 32 334
29 42 335
11 20 336
44 34 337
41 35 338
38 16 339
45 43 340
24 15 341
26 10 342
45 11 343
10 11 344
3 24 345
38 22 346
40 34 347
43 11 348
4 11 349
29 37 350
21 20 351
37 30 352
12 22 353
38 9 354
36 42 355
22 10 356
40 20 357
11 37 358
4 33 359
7 6 360
16 36 361
12 17 362
21 18 363
18 34 364
26 38 365
33 12 366
21 10 367
24 18 368
2 18 369
5 35 370
15 18 371
35 45 372
25 35 373
18 41 374
43 12 375
9 7 376
34 12 377
26 20 378
39 27 379
38 40 380
24 30 381
25 18 382
26 1 383
41 32 384
9 4 385
36 27 386
6 4 387
27 4 388
12 32 389
13 12 390
7 41 391
31 16 392
32 23 393
44 45 394
5 31 395
13 31 396
8 35 397
12 18 398
43 8 399
25 16 400
31 20 401
10 9 402
38 43 403
38 30 404
26 45 405
6 35 406
24 6 407
2 10 408
4 36 409
42 7 410
2 30 411
39 1 412
11 19 413
33 24 414
19 15 415
17 21 416
7 34 417
13 36 418
22 39 419
9 41 420
37 26 421
14 20 422
13 6 423
21 6 424
2 32 425
42 2 426
39 35 427
45 36 428
20 45 429
29 39 430
6 37 431
41 5 432
36 26 433
4 24 434
45 42 435
15 6 436
41 40 437
3 44 438
7 43 439
3 1 440
22 19 441
39 33 442
25 8 443
25 3 444
5 36 445
20 32 446
13 22 447
5 1 448
16 11 449
9 3 450
44 27 451
14 5 452
38 23 453
44 2 454
37 15 455
17 24 456
6 1 457
1 28 458
37 23 459
25 21 460
17 30 461
35 12 462
16 45 463
27 37 464
35 21 465
15 38 466
4 41 467
3 10 468
11 27 469
9 16 470
43 31 471
10 33 472
44 36 473
6 23 474
19 44 475
2 6 476
43 33 477
22 44 478
3 6 479
36 29 480
22 30 481
9 24 482
8 4 483
19 5 484
11 6 485
10 40 486
41 19 487
35 22 488
24 31 489
25 43 490
34 14 491
23 28 492
22 5 493
13 9 494
1 36 495
3 8 496
35 27 497
35 1 498
13 26 499
31 14 500
40 6 501
3 2 502
32 8 503
22 28 504
5 28 505
42 9 506
42 3 507
23 42 508
27 25 509
26 2 510
14 8 511
24 22 512
19 27 513
2 4 514
2 40 515
11 22 516
40 12 517
6 34 518
21 45 519
23 29 520
37 10 521
44 6 522
17 6 523
6 41 524
36 18 525
43 30 526
13 30 527
41 15 528
4 5 529
26 23 530
34 33 531
12 29 532
12 25 533
34 31 534
13 20 535
16 23 536
11 8 537
21 3 538
20 38 539
43 23 540
19 38 541
21 38 542
14 30 543
38 37 544
12 37 545
1 12 546
8 18 547
43 15 548
42 13 549
36 35 550
29 8 551
44 5 552
42 41 553
45 22 554
5 34 555
10 27 556
43 41 557
23 10 558
39 41 559
16 15 560
45 38 561
20 30 562
3 18 563
5 6 564
14 37 565
1 42 566
11 39 567
17 36 568
34 23 569
37 13 570
26 15 571
14 32 572
5 42 573
29 41 574
24 42 575
26 32 576
5 12 577
33 16 578
39 10 579
24 21 580
44 7 581
20 42 582
22 34 583
24 14 584
27 5 585
21 39 586
31 3 587
18 9 588
4 19 589
4 16 590
24 7 591
32 21 592
4 3 593
41 23 594
40 35 595
43 22 596
28 44 597
35 26 598
1 4 599
3 7 600
4 42 601
40 8 602
30 39 603
27 9 604
30 4 605
4 40 606
2 31 607
23 12 608
35 14 609
22 31 610
15 20 611
40 19 612
11 17 613
11 40 614
27 43 615
29 44 616
38 12 617
10 35 618
5 26 619
24 5 620
18 10 621
23 27 622
8 19 623
40 44 624
39 25 625
31 10 626
9 34 627
19 12 628
13 29 629
17 22 630
28 42 631
23 31 632
15 40 633
43 20 634
41 22 635
24 11 636
8 41 637
45 15 638
25 17 639
7 10 640
26 24 641
42 18 642
9 6 643
4 15 644
22 18 645
27 3 646
16 42 647
14 10 648
44 43 649
29 1 650
27 31 651
34 35 652
14 19 653
23 21 654
38 17 655
16 13 656
42 22 657
15 17 658
6 31 659
24 28 660
16 2 661
18 28 662
10 44 663
32 6 664
7 17 665
1 37 666
21 9 667
21 33 668
30 23 669
21 19 670
24 40 671
3 11 672
15 7 673
20 44 674
28 34 675
42 33 676
40 3 677
16 7 678
21 16 679
31 19 680
21 8 681
20 36 682
16 6 683
29 10 684
21 31 685
13 15 686
3 33 687
3 15 688
41 45 689
11 26 690
30 6 691
27 2 692
38 1 693
42 35 694
45 25 695
22 6 696
8 44 697
16 10 698
21 44 699
10 32 700
3 39 701
14 43 702
38 8 703
7 21 704
10 25 705
4 32 706
14 17 707
4 7 708
33 5 709
45 37 710
44 12 711
18 7 712
41 2 713
20 9 714
35 24 715
40 45 716
44 15 717
3 28 718
34 16 719
10 38 720
20 19 721
25 44 722
42 38 723
33 11 724
42 37 725
40 29 726
26 31 727
18 40 728
1 9 729
21 37 730
24 8 731
7 13 732
7 20 733
34 43 734
5 10 735
2 15 736
15 33 737
19 6 738
32 29 739
17 10 740
43 18 741
25 9 742
42 15 743
17 19 744
14 39 745
16 22 746
33 32 747
9 8 748
35 2 749
25 34 750
2 17 751
24 43 752
26 28 753
3 14 754
36 24 755
8 23 756
26 9 757
9 17 758
19 26 759
37 24 760
11 31 761
21 2 762
4 22 763
42 19 764
2 7 765
23 19 766
40 43 767
1 31 768
25 7 769
24 23 770
18 6 771
20 6 772
2 36 773
5 16 774
24 20 775
18 33 776
13 40 777
36 34 778
1 18 779
40 16 780
25 14 781
23 5 782
5 37 783
8 42 784
12 9 785
7 45 786
35 31 787
16 17 788
1 33 789
5 20 790
1 44 791
29 27 792
33 9 793
36 21 794
31 7 795
43 1 796
25 13 797
39 15 798
23 4 799
21 28 800
11 30 801
16 27 802
35 18 803
40 30 804
39 31 805
15 12 806
25 30 807
35 20 808
8 15 809
24 1 810
7 35 811
22 14 812
33 35 813
21 30 814
16 8 815
28 35 816
31 41 817
22 8 818
29 38 819
17 44 820
26 18 821
24 29 822
29 9 823
10 28 824
3 5 825
43 2 826
44 39 827
19 16 828
39 32 829
5 39 830
14 40 831
15 27 832
44 14 833
32 34 834
40 23 835

